ATL,Al Horford,$12000000,15,C,6-10,245,June 3 1986,6,University of Florida,2013,26,74,74,37.2,7.8,14.3,.543,0.0,0.1,.500,7.7,14.2,.544,1.8,2.8,.644,2.6,7.6,10.2,3.2,1.1,1.1,2.0,2.2,17.4,1,13,5,85,3,62,2,36,2,30,1,11,13,332,5,124
ATL,Paul Millsap,$9500000,4,PF,6-8,245,February 10 1985,7,Louisiana Tech University,,,,,,,,,,,,,,,,,,,,,,,,,,,
ATL,Jeff Teague,$8000000,0,PG,6-2,180,June 10 1988,4,Wake Forest University,2013,24,80,78,32.9,5.5,12.2,.451,1.1,3.1,.359,4.4,9.1,.482,2.5,2.8,.881,0.3,1.9,2.3,7.2,1.5,0.4,2.9,2.3,14.6,10,303,1,14,1,23,4,169,3,65,3,63,5,97,2,75
ATL,Kyle Korver,$6760563,26,SG,6-7,210,March 17 1981,10,Creighton University,2013,31,74,60,30.5,3.7,8.1,.461,2.6,5.6,.457,1.2,2.5,.471,0.9,1.1,.859,0.3,3.6,4.0,2.0,0.9,0.5,0.9,2.3,10.9,4,153,8,156,6,103,3,131,5,132,5,160,1,2,10,255
ATL,Louis Williams,$5225000,3,PG,6-2,175,October 27 1986,8,,2013,26,39,9,28.7,4.8,11.4,.422,1.8,5.0,.367,2.9,6.3,.466,2.7,3.1,.868,0.2,1.8,2.1,3.6,1.1,0.3,1.9,1.4,14.1,12,334,3,65,3,62,5,212,4,72,4,95,2,30,1,64
ATL,Elton Brand,$4000000,42,PF,6-8,275,March 11 1979,14,Duke University,,,,,,,,,,,,,,,,,,,,,,,,,,,
ATL,DeMarre Carroll,$2557545,5,SF,6-8,212,July 27 1986,4,University of Missouri,,,,,,,,,,,,,,,,,,,,,,,,,,,
ATL,Gustavo Ayon,$1500000,14,C,6-10,250,April 1 1985,2,,,,,,,,,,,,,,,,,,,,,,,,,,,,
ATL,Dennis Schroeder,$1348200,17,PG,6-1,168,September 15 1993,R,,,,,,,,,,,,,,,,,,,,,,,,,,,,
ATL,John Jenkins,$1258800,12,SG,6-4,215,March 6 1991,1,Vanderbilt University,2013,21,61,2,14.8,2.1,4.8,.446,0.9,2.3,.384,1.3,2.6,.500,1.0,1.1,.843,0.3,1.3,1.5,0.9,0.2,0.2,0.7,0.6,6.1,14,403,10,293,15,431,7,266,8,264,9,288,7,140,9,231
ATL,Jared Cunningham,$1208400,7,SG,6-4,194,May 22 1991,1,Oregon State University,,,,,,,,,,,,,,,,,,,,,,,,,,,
ATL,Pero Antic,$1200000,6,PF,6-11,260,July 29 1982,R,,,,,,,,,,,,,,,,,,,,,,,,,,,,
ATL,Antawn Jamison,$1399507,,,,,,,,,,,,,,,,,,,,,,,,,,,,,,,,,,
ATL,Shelvin Mack,$884293,8,PG,6-3,215,April 22 1989,2,Butler University,2013,23,20,1,13.4,2.1,4.2,.488,0.7,1.8,.400,1.4,2.5,.551,0.4,0.7,.571,0.0,1.2,1.2,2.2,0.5,0.0,1.2,1.4,5.2,15,303,7,80,9,103,14,443,10,294,9,264,9,172,14,393
ATL,Mike Scott,$788872,32,PF,6-8,237,July 16 1988,1,University of Virginia,2013,24,40,1,9.4,1.8,3.7,.476,0.0,0.0,.000,1.8,3.7,.479,1.1,1.4,.768,1.0,1.8,2.8,0.3,0.1,0.1,0.5,0.8,4.6,8,247,17,447,17,468,12,348,14,334,13,322,13,332,8,218
ATL,Cartier Martin,$60437,20,SF,6-7,220,November 20 1984,5,Kansas State University,,,,,,,,,,,,,,,,,,,,,,,,,,,
BOS,Kris Humphries,$12000000,43,PF,6-9,235,February 6 1985,9,University of Minnesota,,,,,,,,,,,,,,,,,,,,,,,,,,,
BOS,Rajon Rondo,$11954545,9,PG,6-1,171,February 22 1986,7,University of Kentucky,2013,26,38,38,37.4,5.9,12.2,.484,0.3,1.3,.240,5.6,10.9,.513,1.6,2.4,.645,1.1,4.4,5.6,11.1,1.8,0.2,3.9,2.5,13.7,4,85,1,1,1,7,12,266,3,81,3,52,8,255,4,145
BOS,Gerald Wallace,$10105855,45,SF,6-7,215,July 23 1982,12,University of Alabama,,,,,,,,,,,,,,,,,,,,,,,,,,,
BOS,Jeff Green,$8965000,8,SF,6-9,235,August 28 1986,5,Georgetown University,2013,26,81,17,27.8,4.6,10.0,.467,0.9,2.2,.385,3.8,7.7,.490,2.6,3.3,.808,0.7,3.2,3.9,1.6,0.7,0.8,1.6,2.2,12.8,7,162,8,193,7,173,2,65,4,97,4,108,3,140,2,69
BOS,Brandon Bass,$6450000,30,PF,6-8,240,April 30 1985,8,Louisiana State University,2013,27,81,69,27.6,3.5,7.3,.486,0.0,0.0,.000,3.5,7.2,.487,1.6,1.9,.860,1.6,3.7,5.2,1.0,0.5,0.8,1.0,2.3,8.7,5,100,11,270,8,256,2,65,8,189,7,179,10,332,4,145
BOS,Keith Bogans,$5058198,4,SG,6-5,215,May 12 1980,10,University of Kentucky,,,,,,,,,,,,,,,,,,,,,,,,,,,
BOS,Joel Anthony,$3800000,50,C,6-9,245,August 9 1982,6,University of Nevada Las Vegas,,,,,,,,,,,,,,,,,,,,,,,,,,,
BOS,Jerryd Bayless,$3135000,11,PG,6-3,200,August 20 1988,5,University of Arizona,,,,,,,,,,,,,,,,,,,,,,,,,,,
BOS,Avery Bradley,$2511432,0,PG,6-2,180,November 26 1990,3,University of Texas at Austin,2013,22,50,50,28.7,3.8,9.6,.402,0.8,2.5,.317,3.0,7.0,.432,0.7,1.0,.755,0.6,1.6,2.2,2.1,1.3,0.4,1.4,2.6,9.2,11,317,6,148,2,40,7,169,6,175,5,153,5,155,11,298
BOS,Vitor Faverani,$2000000,38,C,6-11,260,May 5 1988,R,,,,,,,,,,,,,,,,,,,,,,,,,,,,
BOS,Kelly Olynyk,$1986360,41,C,7-0,238,April 19 1991,R,Gonzaga University,,,,,,,,,,,,,,,,,,,,,,,,,,,
BOS,Jared Sullinger,$1365720,7,PF,6-9,280,March 4 1992,1,Ohio State University,2013,20,45,5,19.8,2.5,5.0,.493,0.0,0.1,.200,2.4,4.9,.500,1.0,1.4,.746,2.0,3.8,5.9,0.8,0.5,0.5,0.6,3.4,6.0,3,76,12,320,8,256,4,131,10,270,10,248,10,332,8,231
BOS,Phil Pressey,$490180,26,PG,5-11,175,February 17 1991,R,University of Missouri,,,,,,,,,,,,,,,,,,,,,,,,,,,
BOS,Chris Johnson,$320189,12,SF,6-6,201,April 29 1990,1,University of Dayton,,,,,,,,,,,,,,,,,,,,,,,,,,,
BRK,Joe Johnson,$21466718,7,SG,6-8,225,June 29 1981,12,University of Arkansas,2013,31,72,72,36.7,6.2,14.6,.423,2.1,5.5,.375,4.1,9.1,.452,1.8,2.2,.820,0.7,2.3,3.0,3.5,0.7,0.2,1.7,1.4,16.3,6,228,2,70,7,173,6,266,3,46,3,38,2,18,3,124
BRK,Deron Williams,$18466130,8,PG,6-3,210,June 26 1984,8,University of Illinois at Urbana-Champaign,2013,28,78,78,36.4,6.3,14.4,.440,2.2,5.7,.378,4.2,8.7,.482,4.1,4.7,.859,0.4,2.6,3.0,7.7,1.0,0.4,2.8,2.5,18.9,6,228,1,5,2,77,5,169,2,16,2,35,1,12,1,18
BRK,Paul Pierce,$15333334,34,SF,6-6,230,October 13 1977,15,University of Kansas,,,,,,,,,,,,,,,,,,,,,,,,,,,
BRK,Brook Lopez,$14693906,11,C,7-0,260,April 1 1988,5,Stanford University,2013,24,74,74,30.4,7.7,14.8,.521,0.0,0.0,.000,7.7,14.8,.522,4.0,5.3,.758,2.8,4.1,6.9,0.9,0.4,2.1,1.8,2.1,19.4,2,54,8,293,9,305,1,6,1,13,1,13,12,332,2,20
BRK,Kevin Garnett,$12443735,2,C,6-11,220,May 19 1976,18,,,,,,,,,,,,,,,,,,,,,,,,,,,,
BRK,Marcus Thornton,$8050000,,,,,,,,,,,,,,,,,,,,,,,,,,,,,,,,,,
BRK,Mirza Teletovic,$3229050,33,SF,6-8,235,September 18 1985,1,,2013,27,53,0,9.4,1.3,3.5,.384,0.7,2.0,.343,0.6,1.5,.442,0.2,0.2,.818,0.6,1.2,1.8,0.4,0.2,0.2,0.4,1.0,3.5,8,366,13,416,12,431,6,266,12,385,12,386,6,172,14,449
BRK,Andrei Kirilenko,$3183000,47,PF,6-9,220,February 18 1981,11,,,,,,,,,,,,,,,,,,,,,,,,,,,,
BRK,Andray Blatche,$1375604,0,PF,6-11,235,August 22 1986,8,,2013,26,82,8,19.0,4.2,8.2,.512,0.0,0.3,.136,4.2,8.0,.524,1.8,2.6,.685,2.0,3.1,5.1,1.0,1.0,0.7,1.5,2.0,10.3,4,103,5,270,2,77,2,82,4,151,4,127,12,332,3,124
BRK,Mason Plumlee,$1298640,1,PF,6-10,235,March 5 1990,R,Duke University,,,,,,,,,,,,,,,,,,,,,,,,,,,
BRK,Alan Anderson,$947907,6,SF,6-6,220,October 16 1982,4,Michigan State University,,,,,,,,,,,,,,,,,,,,,,,,,,,
BRK,Shaun Livingston,$1272279,14,PG,6-7,182,September 11 1985,8,,,,,,,,,,,,,,,,,,,,,,,,,,,,
CHA,Al Jefferson,$13500000,25,PF,6-10,265,January 4 1985,9,,,,,,,,,,,,,,,,,,,,,,,,,,,,
CHA,Ben Gordon,$13200000,8,SG,6-3,200,April 4 1983,9,University of Connecticut,2013,29,75,0,20.8,4.1,10.1,.408,1.5,3.9,.387,2.6,6.2,.421,1.4,1.7,.843,0.2,1.5,1.7,1.9,0.5,0.2,1.8,1.8,11.2,14,380,5,166,9,256,11,266,4,126,4,132,2,54,7,169
CHA,Gerald Henderson,$6000000,9,SG,6-5,215,December 9 1987,4,Duke University,2013,25,68,58,31.4,5.6,12.6,.447,0.5,1.5,.330,5.1,11.1,.462,3.8,4.6,.824,0.8,2.9,3.7,2.6,1.0,0.5,1.6,2.2,15.5,7,180,4,112,2,77,8,131,2,52,2,57,7,206,2,23
CHA,Michael Kidd-Gilchrist,$4809840,14,SF,6-7,232,September 26 1993,1,University of Kentucky,2013,19,78,77,26.0,3.6,7.9,.458,0.0,0.1,.222,3.6,7.7,.462,1.8,2.4,.749,1.7,4.2,5.8,1.5,0.7,0.9,1.3,2.1,9.0,4,80,7,205,6,173,2,52,7,181,7,170,12,332,5,124
CHA,Luke Ridnour,$4320000,,,,,,,,,,,,,,,,,,,,,,,,,,,,,,,,,,
CHA,Cody Zeller,$3857040,40,C,7-0,240,October 5 1992,R,Indiana University,,,,,,,,,,,,,,,,,,,,,,,,,,,
CHA,Gary Neal,$3250000,,,,,,,,,,,,,,,,,,,,,,,,,,,,,,,,,,
CHA,Bismack Biyombo,$3049920,0,C,6-9,229,August 28 1992,2,,2013,20,80,65,27.3,2.0,4.3,.451,0.0,0.0,.000,2.0,4.3,.451,0.9,1.8,.521,2.4,4.9,7.3,0.4,0.4,1.8,1.0,2.4,4.8,1,46,18,416,12,305,1,9,11,327,11,298,12,332,12,255
CHA,Josh McRoberts,$2652000,11,PF,6-10,240,February 28 1987,6,Duke University,2013,25,26,19,30.8,3.7,7.3,.505,0.3,1.1,.241,3.4,6.2,.553,1.7,2.1,.782,2.0,5.2,7.2,2.7,0.8,0.6,1.5,2.5,9.3,2,47,3,105,3,130,5,111,6,174,6,160,9,231,6,135
CHA,Kemba Walker,$2568360,15,PG,6-1,172,May 8 1990,2,University of Connecticut,2013,22,82,82,34.9,6.4,15.2,.423,1.3,4.0,.322,5.1,11.1,.459,3.6,4.5,.798,0.7,2.7,3.5,5.7,2.0,0.4,2.4,1.9,17.7,8,193,1,31,1,5,10,169,1,26,1,33,3,72,3,26
CHA,Brendan Haywood,$2050000,,,,,,,,2013,33,61,17,19.0,1.5,3.5,.431,0.0,0.0,.000,1.5,3.5,.433,0.5,1.1,.455,2.0,2.7,4.8,0.5,0.3,0.8,0.8,2.0,3.5,5,115,17,385,14,367,3,65,15,385,13,354,12,332,13,361
CHA,Jannero Pargo,$1399507,5,PG,6-1,175,September 22 1979,9,University of Arkansas,2013,33,18,0,16.2,3.2,7.9,.401,1.6,4.2,.382,1.6,3.7,.424,0.4,0.5,.889,0.5,0.7,1.2,1.9,0.8,0.1,1.6,1.4,8.4,16,434,5,105,3,130,14,348,8,200,8,200,1,46,14,393
CHA,Anthony Tolliver,$1027424,43,PF,6-8,240,June 1 1985,5,Creighton University,,,,,,,,,,,,,,,,,,,,,,,,,,,
CHA,Jeff Taylor,$788872,44,SF,6-7,225,May 23 1989,1,Vanderbilt University,2013,23,77,29,19.6,2.2,5.2,.431,0.7,2.0,.344,1.5,3.2,.486,1.0,1.3,.728,0.7,1.3,1.9,0.8,0.6,0.2,0.6,1.8,6.1,13,351,12,320,7,207,11,266,10,264,10,272,5,172,10,231
CHA,Chris Douglas-Roberts,$708142,55,SF,6-7,200,January 8 1987,4,University of Memphis,,,,,,,,,,,,,,,,,,,,,,,,,,,
CHI,Derrick Rose,$17632688,1,PG,6-3,190,October 4 1988,4,University of Memphis,,,,,,,,,,,,,,,,,,,,,,,,,,,
CHI,Carlos Boozer,$15300000,5,PF,6-9,258,November 20 1981,11,Duke University,2013,31,79,79,32.2,6.9,14.4,.477,0.0,0.0,.000,6.9,14.4,.478,2.4,3.3,.731,2.2,7.5,9.8,2.3,0.8,0.4,2.2,3.0,16.2,2,17,6,135,6,130,4,169,2,48,1,22,10,332,3,78
CHI,Joakim Noah,$11100000,13,C,6-11,232,February 25 1985,6,University of Florida,2013,27,66,64,36.8,4.6,9.5,.481,0.0,0.1,.000,4.6,9.5,.485,2.7,3.6,.751,3.9,7.2,11.1,4.0,1.2,2.1,2.7,2.8,11.9,1,9,3,52,1,52,1,6,4,111,4,108,10,332,2,64
CHI,Taj Gibson,$7550000,22,PF,6-9,225,June 24 1985,4,University of Southern California,2013,27,65,5,22.4,3.3,6.8,.485,0.0,0.1,.000,3.3,6.7,.490,1.4,2.0,.679,1.9,3.4,5.3,0.9,0.4,1.4,1.2,2.6,8.0,4,94,10,293,9,305,2,18,8,207,6,190,10,332,7,169
CHI,Kirk Hinrich,$4059000,12,PG,6-3,190,January 2 1981,10,University of Kansas,2013,32,60,60,29.4,2.7,7.0,.377,1.2,3.0,.390,1.5,4.0,.367,1.2,1.6,.714,0.3,2.4,2.6,5.2,1.1,0.4,1.7,3.2,7.7,7,272,1,35,2,62,4,169,9,219,9,230,2,86,9,200
CHI,Mike Dunleavy,$3183000,34,SF,6-9,220,September 15 1980,11,Duke University,,,,,,,,,,,,,,,,,,,,,,,,,,,
CHI,Tony Snell,$1409040,20,SG,6-7,200,November 10 1991,R,University of New Mexico,,,,,,,,,,,,,,,,,,,,,,,,,,,
CHI,Jimmy Butler,$1112880,21,SG,6-7,220,September 14 1989,2,Marquette University,2013,23,82,20,26.0,2.9,6.2,.467,0.5,1.3,.381,2.4,5.0,.489,2.3,2.8,.803,1.7,2.3,4.0,1.4,1.0,0.4,0.8,1.2,8.6,5,153,8,219,4,77,4,169,7,193,8,217,5,206,4,81
CHI,Marquis Teague,$1074720,25,SG,6-2,189,February 28 1993,1,University of Kentucky,2013,19,48,0,8.2,0.9,2.4,.381,0.1,0.5,.174,0.8,1.9,.433,0.2,0.3,.563,0.1,0.9,0.9,1.3,0.2,0.1,0.7,1.0,2.1,15,469,9,231,13,431,10,348,12,452,11,444,9,304,12,449
CHI,Nazr Mohammed,$1399507,48,C,6-10,221,September 5 1977,15,University of Kentucky,2013,35,63,12,11.0,1.0,2.9,.367,0.0,0.0,.000,1.0,2.8,.371,0.5,0.7,.723,1.2,1.9,3.1,0.4,0.3,0.5,0.4,1.5,2.6,6,216,11,416,10,367,3,131,10,426,10,425,10,332,10,361
CHI,Tornike Shengelia,$788872,7,F,6-9,217,October 5 1991,1,,,,,,,,,,,,,,,,,,,,,,,,,,,,
CHI,D.J. Augustin,$755459,14,PG,6-0,180,November 10 1987,5,University of Texas at Austin,,,,,,,,,,,,,,,,,,,,,,,,,,,
CHI,Erik Murphy,$490180,31,C,6-10,230,October 26 1990,R,University of Florida,,,,,,,,,,,,,,,,,,,,,,,,,,,
CHI,Jarvis Varnado,$46404,32,F,6-9,230,March 1 1988,1,Mississippi State University,,,,,,,,,,,,,,,,,,,,,,,,,,,
CLE,Luol Deng,$14275000,9,SF,6-8,220,April 16 1985,9,Duke University,,,,,,,,,,,,,,,,,,,,,,,,,,,
CLE,Anderson Varejao,$9036364,17,C,6-10,230,September 28 1982,9,,2013,30,25,25,36.0,5.5,11.6,.478,0.0,0.2,.000,5.5,11.4,.486,3.1,4.1,.755,5.5,8.9,14.4,3.4,1.5,0.6,1.8,2.7,14.1,1,2,3,77,1,23,4,111,3,72,2,63,11,332,2,46
CLE,Spencer Hawes,$6500000,32,C,7-0,245,April 28 1988,6,University of Washington,,,,,,,,,,,,,,,,,,,,,,,,,,,
CLE,Jarrett Jack,$6300000,1,PG,6-3,202,October 28 1983,8,Georgia Institute of Technology,,,,,,,,,,,,,,,,,,,,,,,,,,,
CLE,Kyrie Irving,$5607240,2,PG,6-2,180,March 23 1992,2,Duke University,2013,20,59,59,34.7,8.2,18.1,.452,1.8,4.7,.391,6.4,13.4,.474,4.2,4.9,.855,0.6,3.1,3.7,5.9,1.5,0.4,3.2,2.5,22.5,6,180,1,28,1,23,6,169,1,8,1,6,2,30,1,15
CLE,Anthony Bennett,$5324280,15,SF,6-8,240,March 14 1993,R,University of Nevada Las Vegas,,,,,,,,,,,,,,,,,,,,,,,,,,,
CLE,Tristan Thompson,$4062000,13,PF,6-8,225,March 13 1991,2,University of Texas at Austin,2013,21,82,82,31.3,4.8,9.7,.488,0.0,0.0,.000,4.8,9.7,.490,2.2,3.5,.608,3.7,5.7,9.4,1.3,0.7,0.9,1.5,2.9,11.7,2,20,11,231,9,173,1,52,4,115,4,95,11,332,4,90
CLE,Dion Waiters,$3894240,3,SG,6-4,210,December 10 1991,1,Syracuse University,2013,21,61,48,28.8,5.5,13.4,.412,1.0,3.3,.310,4.5,10.0,.446,2.6,3.5,.746,0.4,2.1,2.4,3.0,1.0,0.3,2.0,1.9,14.7,12,285,5,89,4,77,8,212,2,62,2,63,5,121,3,69
CLE,Alonzo Gee,$3250000,33,SF,6-6,220,May 29 1987,4,University of Alabama,2013,25,82,82,31.0,3.7,9.1,.410,0.8,2.7,.315,2.9,6.4,.450,2.0,2.5,.795,0.9,3.0,3.9,1.6,1.3,0.4,1.6,2.4,10.3,5,162,9,193,3,40,6,169,7,151,8,160,6,155,6,105
CLE,C.J. Miles,$2225000,0,SG,6-6,210,April 18 1987,8,,2013,25,65,13,21.0,3.9,9.4,.415,1.9,5.0,.384,2.0,4.4,.451,1.4,1.6,.869,0.4,2.3,2.7,1.0,0.8,0.3,1.1,2.1,11.2,9,260,14,270,5,130,8,212,5,126,5,144,1,24,8,169
CLE,Tyler Zeller,$1633440,40,C,7-0,250,January 17 1990,1,University of North Carolina,2013,23,77,55,26.4,3.2,7.3,.438,0.0,0.1,.000,3.2,7.2,.441,1.6,2.0,.764,2.1,3.6,5.7,1.2,0.5,0.9,1.2,3.3,7.9,3,81,13,241,12,256,1,52,9,212,9,200,11,332,7,145
CLE,Sergey Karasev,$1467840,10,SF,6-7,203,October 26 1993,R,,,,,,,,,,,,,,,,,,,,,,,,,,,,
CLE,Carrick Felix,$510000,30,SG,6-6,201,August 17 1990,R,Arizona State University,,,,,,,,,,,,,,,,,,,,,,,,,,,
DAL,Dirk Nowitzki,$22721381,41,PF,7-0,237,June 19 1978,15,,2013,34,53,47,31.3,6.5,13.7,.471,1.2,3.0,.414,5.2,10.8,.487,3.1,3.6,.860,0.7,6.2,6.8,2.5,0.7,0.7,1.3,1.8,17.3,2,57,6,121,6,173,5,82,1,32,1,32,3,86,1,46
DAL,Shawn Marion,$9316796,0,SF,6-7,220,May 7 1978,14,University of Nevada Las Vegas,2013,34,67,67,30.0,5.3,10.3,.514,0.3,1.1,.315,5.0,9.2,.538,1.2,1.5,.782,2.2,5.7,7.8,2.4,1.1,0.7,1.5,1.7,12.1,1,35,7,130,2,62,5,82,4,107,3,73,10,255,7,200
DAL,Monta Ellis,$8000000,11,PG,6-3,175,October 26 1985,8,,,,,,,,,,,,,,,,,,,,,,,,,,,,
DAL,Jose Calderon,$6791570,8,SG,6-3,210,September 28 1981,8,,,,,,,,,,,,,,,,,,,,,,,,,,,,
DAL,Brandan Wright,$5000000,34,C,6-9,205,October 5 1987,5,University of North Carolina,2013,25,64,16,18.0,3.8,6.3,.597,0.0,0.0,.000,3.8,6.3,.601,0.9,1.5,.615,1.3,2.7,4.1,0.6,0.4,1.2,0.5,1.2,8.5,5,145,14,366,12,305,2,31,8,198,7,153,15,332,11,255
DAL,Samuel Dalembert,$3700748,1,C,6-11,250,May 10 1981,11,Seton Hall University,,,,,,,,,,,,,,,,,,,,,,,,,,,
DAL,Vince Carter,$3180000,25,SG,6-6,215,January 26 1977,15,University of North Carolina,2013,36,81,3,25.8,4.6,10.6,.435,2.0,4.9,.406,2.6,5.6,.461,2.2,2.8,.816,0.7,3.4,4.1,2.4,0.9,0.5,1.3,2.8,13.4,5,145,7,130,4,103,7,131,3,84,5,108,1,20,5,90
DAL,Wayne Ellington,$2652000,21,SG,6-4,200,October 29 1987,4,University of North Carolina,,,,,,,,,,,,,,,,,,,,,,,,,,,
DAL,Shane Larkin,$1536960,3,PG,5-11,176,October 2 1992,R,University of Miami,,,,,,,,,,,,,,,,,,,,,,,,,,,
DAL,Devin Harris,$1272279,20,PG,6-3,185,February 27 1983,9,University of Wisconsin,,,,,,,,,,,,,,,,,,,,,,,,,,,
DAL,DeJuan Blair,$947907,45,PF,6-7,265,April 22 1989,4,University of Pittsburgh,,,,,,,,,,,,,,,,,,,,,,,,,,,
DAL,Jae Crowder,$788872,9,SF,6-7,240,July 6 1990,1,Marquette University,2013,22,78,16,17.3,1.8,4.7,.384,0.8,2.5,.328,1.0,2.2,.446,0.6,0.9,.644,0.4,1.9,2.4,1.2,0.8,0.2,0.6,1.6,5.0,11,285,10,241,5,130,10,266,11,317,12,322,6,155,15,332
DAL,Bernard James,$788872,5,C,6-10,240,February 7 1985,1,Florida State University,2013,27,46,11,9.9,1.2,2.2,.515,0.0,0.0,.000,1.2,2.2,.525,0.5,0.9,.610,1.1,1.7,2.8,0.1,0.3,0.8,0.4,1.4,2.8,9,247,19,502,15,367,3,65,17,416,16,399,15,332,16,361
DAL,Ricky Ledo,$544000,7,SG,6-7,195,September 10 1992,R,,,,,,,,,,,,,,,,,,,,,,,,,,,,
DEN,Ty Lawson,$10786517,3,PG,5-11,195,November 3 1987,4,University of North Carolina,2013,25,73,71,34.4,6.1,13.3,.461,1.2,3.2,.366,5.0,10.1,.491,3.2,4.3,.756,0.5,2.2,2.7,6.9,1.5,0.1,2.5,1.8,16.7,9,260,1,15,2,23,11,348,1,40,1,49,2,86,2,40
DEN,JaVale McGee,$10750000,34,C,7-0,237,January 19 1988,5,University of Nevada Reno,2013,25,79,0,18.1,3.8,6.7,.575,0.0,0.0,1.000,3.8,6.7,.574,1.4,2.4,.591,2.0,2.8,4.8,0.3,0.4,2.0,1.1,2.3,9.1,6,115,13,447,11,305,1,8,8,178,7,153,9,332,8,169
DEN,Danilo Gallinari,$10146925,,,,,,,,2013,24,71,71,32.5,5.1,12.3,.418,1.9,5.1,.373,3.2,7.2,.450,4.0,4.9,.822,0.9,4.3,5.2,2.5,0.9,0.5,1.6,1.8,16.2,4,100,4,121,6,103,5,131,2,48,2,80,1,24,1,20
DEN,Wilson Chandler,$6344164,21,SF,6-8,220,May 10 1987,6,DePaul University,2013,25,43,8,25.1,4.9,10.6,.462,1.2,2.9,.413,3.7,7.7,.480,2.0,2.6,.793,1.0,4.0,5.1,1.3,1.0,0.3,1.4,2.8,13.0,5,103,6,231,4,77,8,212,3,93,4,89,2,86,3,105
DEN,J.J. Hickson,$5150000,7,PF,6-9,242,September 4 1988,5,North Carolina State University,,,,,,,,,,,,,,,,,,,,,,,,,,,
DEN,Andre Miller,$5000000,24,SG,6-2,200,March 19 1976,14,University of Utah,2013,36,82,11,26.2,3.7,7.7,.479,0.2,0.8,.266,3.5,6.9,.504,2.0,2.4,.840,0.7,2.2,2.9,5.9,0.9,0.1,2.1,1.9,9.6,7,238,2,28,6,103,11,348,7,167,8,160,8,280,3,105
DEN,Timofey Mozgov,$4400000,25,C,7-1,250,July 16 1986,3,,2013,26,41,1,8.9,1.1,2.1,.506,0.0,0.0,.000,1.1,2.1,.518,0.5,0.6,.769,1.2,1.4,2.6,0.2,0.1,0.4,0.6,1.4,2.6,10,272,15,483,14,468,7,169,13,426,13,408,9,332,13,361
DEN,Darrell Arthur,$3231683,00,SF,6-9,225,March 25 1988,4,University of Kansas,,,,,,,,,,,,,,,,,,,,,,,,,,,
DEN,Randy Foye,$3000000,4,SG,6-4,210,September 24 1983,7,Villanova University,,,,,,,,,,,,,,,,,,,,,,,,,,,
DEN,Nate Robinson,$2016000,10,PG,5-9,180,May 31 1984,8,University of Washington,,,,,,,,,,,,,,,,,,,,,,,,,,,
DEN,Anthony Randolph,$1750000,15,PF,6-10,205,July 15 1989,5,Louisiana State University,2013,23,39,0,8.4,1.4,2.9,.491,0.0,0.2,.000,1.4,2.7,.528,0.8,1.2,.689,0.7,1.7,2.4,0.3,0.5,0.5,0.9,1.1,3.7,11,285,13,447,8,256,5,131,12,377,12,366,9,332,9,275
DEN,Evan Fournier,$1422720,94,SG,6-6,190,October 29 1992,1,,2013,20,38,4,11.3,2.0,4.0,.493,0.6,1.4,.407,1.4,2.6,.541,0.8,1.0,.769,0.2,0.8,0.9,1.2,0.5,0.0,0.8,1.7,5.3,13,469,7,241,8,256,13,443,10,294,11,298,7,194,9,275
DEN,Kenneth Faried,$1367640,35,PF,6-8,228,November 19 1989,2,Morehead State University,2013,23,80,80,28.1,4.8,8.6,.552,0.0,0.0,.000,4.8,8.6,.552,2.0,3.3,.613,3.3,5.9,9.2,1.0,1.0,1.0,1.4,2.9,11.5,1,21,8,270,4,77,3,44,6,120,5,95,9,332,3,105
DEN,Aaron Brooks,$1027424,0,G,6-0,161,January 14 1985,5,University of Oregon,,,,,,,,,,,,,,,,,,,,,,,,,,,
DEN,Quincy Miller,$788872,30,SF,6-9,210,November 18 1992,1,Baylor University,2013,20,7,0,3.7,0.6,1.7,.333,0.0,0.1,.000,0.6,1.6,.364,0.1,0.3,.500,0.1,0.1,0.3,0.4,0.1,0.0,0.1,0.4,1.3,15,506,11,416,14,468,13,443,15,482,14,471,9,332,15,478
DET,Josh Smith,$13500000,6,SF,6-9,225,December 5 1985,9,,,,,,,,,,,,,,,,,,,,,,,,,,,,
DET,Charlie Villanueva,$8580000,31,PF,6-11,240,August 24 1984,8,University of Connecticut,2013,28,69,0,15.8,2.5,6.7,.377,1.3,3.8,.347,1.2,3.0,.415,0.4,0.7,.551,0.7,2.8,3.5,0.8,0.4,0.6,0.6,1.4,6.8,7,193,12,320,11,305,4,111,11,243,11,248,3,72,15,393
DET,Rodney Stuckey,$8500000,3,SG,6-5,205,April 21 1986,6,Eastern Washington University,2013,26,76,24,28.6,4.0,9.8,.406,0.7,2.4,.302,3.3,7.4,.440,2.8,3.6,.783,0.6,2.2,2.8,3.6,0.7,0.2,1.8,1.7,11.5,9,247,3,65,6,173,9,266,5,120,5,140,6,172,2,58
DET,Brandon Jennings,$7655503,7,PG,6-1,169,September 23 1989,4,,,,,,,,,,,,,,,,,,,,,,,,,,,,
DET,Jonas Jerebko,$4500000,33,PF,6-10,231,March 3 1987,3,,2013,25,49,2,18.2,2.9,6.4,.449,0.5,1.7,.301,2.4,4.8,.502,1.4,1.8,.773,1.4,2.4,3.8,0.9,0.8,0.2,0.9,1.8,7.7,6,173,9,293,4,130,9,266,9,219,9,217,7,206,7,169
DET,Greg Monroe,$4086454,10,PF,6-11,253,June 4 1990,3,Georgetown University,2013,22,81,81,33.2,6.3,13.1,.486,0.0,0.0,.000,6.3,13.0,.488,3.3,4.8,.689,2.9,6.7,9.6,3.5,1.3,0.7,2.9,2.3,16.0,1,18,5,70,1,40,3,82,1,51,1,35,13,332,1,36
DET,Will Bynum,$2790343,12,PG,6-0,185,January 4 1983,6,Georgia Institute of Technology,2013,30,65,0,18.8,3.9,8.3,.469,0.4,1.2,.316,3.5,7.1,.494,1.6,2.0,.809,0.4,1.1,1.5,3.6,0.7,0.1,1.9,2.0,9.8,14,403,3,65,6,173,11,348,6,162,6,144,10,231,5,145
DET,Kentavious Caldwell-Pope,$2653080,5,SG,6-5,205,February 18 1993,R,University of Georgia,,,,,,,,,,,,,,,,,,,,,,,,,,,
DET,Chauncey Billups,$2500000,1,SG,6-3,202,September 25 1976,16,University of Colorado,,,,,,,,,,,,,,,,,,,,,,,,,,,
DET,Andre Drummond,$2462400,0,C,6-10,270,August 10 1993,1,University of Connecticut,2013,19,60,10,20.7,3.5,5.7,.608,0.0,0.0,.500,3.5,5.7,.609,1.0,2.7,.371,2.8,4.8,7.6,0.5,1.0,1.6,1.0,2.4,7.9,2,42,15,385,3,77,1,15,8,212,7,179,13,332,10,231
DET,Luigi Datome,$1750000,13,SF,6-8,215,November 27 1987,R,,,,,,,,,,,,,,,,,,,,,,,,,,,,
DET,Kyle Singler,$1045000,25,SF,6-8,230,May 4 1988,1,Duke University,2013,24,82,74,28.0,3.4,7.8,.428,0.9,2.4,.350,2.5,5.4,.464,1.2,1.5,.806,1.3,2.7,4.0,0.9,0.7,0.5,1.2,2.6,8.8,5,153,9,293,6,173,5,131,7,184,8,184,4,140,9,200
DET,Josh Harrellson,$884293,55,C,6-10,275,February 12 1989,2,University of Kentucky,,,,,,,,,,,,,,,,,,,,,,,,,,,
DET,Tony Mitchell,$500000,9,PF,6-8,235,April 7 1992,R,North Texas State University,,,,,,,,,,,,,,,,,,,,,,,,,,,
GSW,Andrew Bogut,$14000000,12,C,7-0,245,November 28 1984,8,University of Utah,2013,28,32,32,24.6,2.6,5.8,.451,0.0,0.0,1.000,2.6,5.7,.448,0.6,1.2,.500,2.1,5.5,7.7,2.1,0.6,1.7,1.1,2.7,5.8,2,38,5,148,5,207,1,12,8,277,8,238,8,332,9,332
GSW,David Lee,$13878000,10,PF,6-9,249,April 29 1983,8,University of Florida,2013,29,79,79,36.8,7.6,14.7,.519,0.0,0.1,.000,7.6,14.6,.521,3.2,4.1,.797,2.8,8.5,11.2,3.5,0.8,0.3,2.6,3.1,18.5,1,7,3,70,3,130,6,212,2,18,2,14,8,332,2,40
GSW,Andre Iguodala,$12868632,9,SF,6-6,207,January 28 1984,9,University of Arizona,,,,,,,,,,,,,,,,,,,,,,,,,,,
GSW,Stephen Curry,$9887642,30,PG,6-3,185,March 14 1988,4,Davidson College,2013,24,78,78,38.2,8.0,17.8,.451,3.5,7.7,.453,4.5,10.1,.449,3.4,3.7,.900,0.8,3.3,4.0,6.9,1.6,0.2,3.1,2.5,22.9,5,153,1,15,1,16,8,266,1,7,1,9,1,1,1,32
GSW,Steve Blake,$4000000,25,G,6-3,172,February 26 1980,10,University of Maryland,,,,,,,,,,,,,,,,,,,,,,,,,,,
GSW,Marreese Speights,$3500000,5,C,6-10,245,August 4 1987,5,University of Florida,,,,,,,,,,,,,,,,,,,,,,,,,,,
GSW,Harrison Barnes,$2923920,40,SF,6-8,210,May 30 1992,1,University of North Carolina,2013,20,81,81,25.4,3.4,7.8,.439,0.6,1.8,.359,2.8,6.0,.464,1.8,2.3,.758,0.7,3.5,4.1,1.2,0.6,0.2,1.2,1.7,9.2,4,145,6,241,5,207,8,266,6,175,6,184,4,194,5,124
GSW,Klay Thompson,$2317920,11,SG,6-7,205,February 8 1990,2,Washington State University,2013,22,82,82,35.8,6.2,14.7,.422,2.6,6.4,.401,3.6,8.3,.437,1.6,1.9,.841,0.4,3.3,3.7,2.2,1.0,0.5,1.9,2.9,16.6,7,180,4,141,2,77,4,131,3,41,3,38,2,2,6,145
GSW,Jordan Crawford,$2162419,55,G,6-4,195,October 23 1988,3,Xavier University,,,,,,,,,,,,,,,,,,,,,,,,,,,
GSW,Jermaine O'Neal,$2000000,7,PF,6-11,226,October 13 1978,17,,,,,,,,,,,,,,,,,,,,,,,,,,,,
GSW,Festus Ezeli,$1066920,,,,,,,,2013,23,78,41,14.4,0.9,2.2,.438,0.0,0.0,.000,0.9,2.2,.438,0.6,1.0,.531,1.8,2.2,4.0,0.3,0.3,0.9,0.8,2.0,2.4,5,153,14,447,9,367,2,52,11,439,11,444,8,332,9,332
GSW,Nemanja Nedovic,$1056720,8,SG,6-3,192,June 16 1991,R,,,,,,,,,,,,,,,,,,,,,,,,,,,,
GSW,Draymond Green,$875500,23,SF,6-7,230,March 4 1990,1,Michigan State University,2013,22,79,1,13.4,1.1,3.3,.327,0.2,0.8,.209,0.9,2.4,.368,0.6,0.7,.818,0.7,2.6,3.3,0.7,0.5,0.3,0.6,2.0,2.9,8,203,9,342,7,256,6,212,10,412,9,408,6,280,9,332
GSW,Ognjen Kuzmic,$490180,1,C,7-1,251,May 16 1990,R,,,,,,,,,,,,,,,,,,,,,,,,,,,,
HOU,Dwight Howard,$20513178,12,C,6-11,240,December 8 1985,9,,,,,,,,,,,,,,,,,,,,,,,,,,,,
HOU,James Harden,$13701250,13,SG,6-5,220,August 26 1989,4,Arizona State University,2013,23,78,78,38.3,7.5,17.1,.438,2.3,6.2,.368,5.2,10.9,.477,8.6,10.2,.851,0.8,4.1,4.9,5.8,1.8,0.5,3.8,2.3,25.9,3,113,2,30,1,7,5,131,1,5,1,15,2,7,1,1
HOU,Jeremy Lin,$8374646,7,PG,6-3,200,August 23 1988,3,Harvard University,2013,24,82,82,32.2,4.8,10.9,.441,1.1,3.1,.339,3.8,7.8,.483,2.6,3.4,.785,0.4,2.6,3.0,6.1,1.6,0.4,2.9,2.5,13.4,10,228,1,23,2,16,7,169,3,84,4,95,7,97,2,69
HOU,Omer Asik,$8374646,3,C,7-0,255,July 4 1986,3,,2013,26,82,82,30.0,4.0,7.5,.541,0.0,0.0,.000,4.0,7.5,.542,2.0,3.6,.562,3.4,8.3,11.7,0.9,0.6,1.1,2.1,2.7,10.1,1,6,11,293,9,207,1,36,6,157,5,140,15,332,3,105
HOU,Terrence Jones,$1551840,6,PF,6-9,252,January 9 1992,1,University of Kentucky,2013,21,19,0,14.5,2.3,4.9,.457,0.3,1.0,.263,2.0,3.9,.507,0.7,0.9,.765,1.5,1.9,3.4,0.8,0.6,1.0,0.7,1.1,5.5,8,197,14,320,9,207,2,44,13,286,10,264,13,255,11,298
HOU,Donatas Motiejunas,$1422720,20,PF,7-0,222,September 20 1990,1,,2013,22,44,14,12.2,2.2,4.8,.455,0.5,1.9,.289,1.7,3.0,.562,0.7,1.2,.627,0.8,1.3,2.1,0.7,0.2,0.2,0.8,1.7,5.7,12,334,15,342,18,431,14,266,11,282,12,272,12,206,11,298
HOU,Francisco Garcia,$1265977,32,SF,6-7,195,December 31 1981,8,University of Louisville,2013,31,18,5,17.7,2.3,5.3,.432,1.5,3.9,.386,0.8,1.4,.560,0.3,0.4,.857,0.1,1.2,1.3,1.1,0.8,0.4,0.7,1.2,6.4,16,380,7,254,6,130,7,65,9,256,10,264,4,54,15,419
HOU,Ronnie Brewer,$1186459,10,SF,6-7,220,March 20 1985,7,University of Arkansas,,,,,,,,,,,,,,,,,,,,,,,,,,,
HOU,Jordan Hamilton,$1169880,5,G-F,6-7,220,October 6 1990,2,University of Texas at Austin,,,,,,,,,,,,,,,,,,,,,,,,,,,
HOU,Omri Casspi,$947907,18,PF,6-9,225,June 22 1988,4,,,,,,,,,,,,,,,,,,,,,,,,,,,,
HOU,Chandler Parsons,$926500,25,SF,6-9,200,October 25 1988,2,University of Florida,2013,24,76,76,36.3,6.0,12.4,.486,2.0,5.2,.385,4.0,7.2,.559,1.5,2.0,.729,1.0,4.3,5.3,3.5,1.0,0.4,1.9,1.9,15.5,2,94,3,70,3,77,7,169,2,52,2,50,3,20,4,158
HOU,James Anderson,$916099,,,,,,,,2013,23,29,2,10.6,1.4,3.5,.406,0.6,1.7,.327,0.9,1.8,.481,0.6,0.7,.895,0.5,1.5,2.0,1.1,0.4,0.1,0.6,0.6,4.0,13,338,7,254,12,305,15,266,15,356,15,366,11,194,14,298
HOU,Greg Smith,$884293,4,C,6-10,250,January 8 1991,2,California State University Fresno,2013,22,70,10,15.9,2.4,3.9,.620,0.0,0.0,.000,2.4,3.9,.623,1.2,1.9,.623,1.6,3.0,4.6,0.4,0.3,0.6,0.6,2.5,6.0,5,126,18,416,15,367,3,111,10,270,9,255,15,332,5,200
HOU,Patrick Beverley,$788872,2,SG,6-1,180,July 12 1988,1,University of Arkansas,2013,24,41,0,17.4,1.9,4.6,.418,0.9,2.3,.375,1.0,2.3,.462,0.8,1.0,.829,1.1,1.6,2.7,2.9,0.9,0.5,1.1,2.0,5.6,11,260,4,96,5,103,5,131,12,284,13,313,8,140,8,275
HOU,Isaiah Canaan,$570515,1,PG,6-0,188,May 2 1991,R,Murray State University,,,,,,,,,,,,,,,,,,,,,,,,,,,
HOU,Robert Covington,$490180,33,SF,6-9,215,December 14 1990,R,Tennessee State University,,,,,,,,,,,,,,,,,,,,,,,,,,,
IND,Roy Hibbert,$14283844,55,C,7-2,278,December 11 1986,5,Georgetown University,2013,26,79,79,28.7,4.9,10.9,.448,0.0,0.1,.250,4.9,10.8,.449,2.1,2.8,.741,3.7,4.6,8.3,1.4,0.5,2.6,2.1,3.5,11.9,1,30,6,219,5,256,1,4,4,111,4,89,12,332,5,100
IND,David West,$12000000,21,PF,6-9,240,August 29 1980,10,Xavier University,2013,32,73,73,33.4,6.9,13.8,.498,0.1,0.3,.211,6.8,13.6,.503,3.3,4.3,.768,2.0,5.7,7.7,2.9,1.0,0.9,2.2,2.0,17.1,2,38,3,96,3,77,2,52,2,35,1,22,10,304,1,36
IND,George Hill,$8000000,3,PG,6-2,180,May 4 1986,5,Indiana University-Purdue University Indianapolis,2013,26,76,76,34.5,5.1,11.5,.443,1.7,4.6,.368,3.4,6.8,.494,2.3,2.8,.817,0.6,3.1,3.7,4.7,1.1,0.3,1.5,1.8,14.2,7,180,1,40,2,62,6,212,3,70,3,80,2,37,4,81
IND,Evan Turner,$6679867,12,G,6-7,205,October 27 1988,3,Ohio State University,,,,,,,,,,,,,,,,,,,,,,,,,,,
IND,Luis Scola,$4508504,4,PF,6-9,245,April 30 1980,6,,,,,,,,,,,,,,,,,,,,,,,,,,,,
IND,Ian Mahinmi,$4000000,28,C,6-11,230,November 5 1986,5,,2013,26,80,2,16.5,1.9,4.1,.453,0.0,0.0,.000,1.9,4.1,.456,1.3,2.1,.608,1.4,2.5,3.9,0.3,0.5,0.8,1.2,2.5,5.0,5,162,15,447,5,256,3,65,9,317,9,313,12,332,6,190
IND,Paul George,$3282003,24,SF,6-8,210,May 2 1990,3,California State University Fresno,2013,22,79,79,37.6,6.2,14.9,.419,2.2,5.9,.362,4.1,8.9,.457,2.8,3.5,.807,1.1,6.5,7.6,4.1,1.8,0.6,2.9,2.9,17.4,3,42,2,50,1,7,4,111,1,30,2,38,1,12,2,58
IND,Lavoy Allen,$3060000,5,F,6-9,225,February 4 1989,2,Temple University,,,,,,,,,,,,,,,,,,,,,,,,,,,
IND,Chris Copeland,$3000000,22,SF,6-9,235,March 17 1984,1,University of Colorado,,,,,,,,,,,,,,,,,,,,,,,,,,,
IND,C.J. Watson,$2016000,32,PG,6-2,180,April 17 1984,6,University of Tennessee,,,,,,,,,,,,,,,,,,,,,,,,,,,
IND,Solomon Hill,$1246680,9,SF,6-7,220,March 18 1991,R,University of Arizona,,,,,,,,,,,,,,,,,,,,,,,,,,,
IND,Lance Stephenson,$1005000,1,SG,6-5,210,September 5 1990,3,University of Cincinnati,2013,22,78,72,29.2,3.5,7.7,.460,0.8,2.4,.330,2.7,5.3,.520,1.0,1.5,.652,0.6,3.3,3.9,2.9,1.0,0.2,1.4,2.1,8.8,5,162,3,96,3,77,8,266,5,184,5,179,5,155,8,231
IND,Andrew Bynum,$1000000,,,,,,,,,,,,,,,,,,,,,,,,,,,,,,,,,,
IND,Donald Sloan,$884293,15,SG,6-3,205,January 15 1988,2,Texas A&M University,,,,,,,,,,,,,,,,,,,,,,,,,,,
IND,Rasual Butler,$1399507,8,SG,6-7,205,May 23 1979,10,La Salle University,,,,,,,,,,,,,,,,,,,,,,,,,,,
IND,Orlando Johnson,$788872,11,SG,6-5,220,March 11 1989,1,University of California Santa Barbara,2013,23,51,0,12.1,1.4,3.5,.400,0.7,1.8,.383,0.7,1.7,.419,0.5,0.6,.719,0.4,1.8,2.2,0.9,0.2,0.2,0.6,1.0,4.0,10,317,7,293,13,431,8,266,11,356,11,366,6,172,13,361
LAC,Chris Paul,$18668431,3,PG,6-0,175,May 6 1985,8,Wake Forest University,2013,27,70,70,33.4,5.9,12.2,.481,1.1,3.3,.328,4.8,8.9,.538,4.1,4.6,.885,0.8,3.0,3.7,9.7,2.4,0.1,2.3,2.0,16.9,5,180,1,2,1,1,11,348,2,39,2,52,5,97,1,18
LAC,Blake Griffin,$16441500,32,PF,6-10,251,March 16 1989,3,University of Oklahoma,2013,23,80,80,32.5,7.2,13.4,.538,0.1,0.4,.179,7.2,13.1,.548,3.5,5.3,.660,2.3,6.0,8.3,3.7,1.2,0.6,2.3,2.9,18.0,1,30,2,62,3,52,5,111,1,23,1,18,10,304,2,30
LAC,DeAndre Jordan,$10986550,6,C,6-11,250,July 21 1988,5,Texas A&M University,2013,24,82,82,24.5,3.8,6.0,.643,0.0,0.0,.000,3.8,6.0,.643,1.2,3.0,.386,2.6,4.7,7.2,0.3,0.6,1.4,1.2,2.3,8.8,2,47,14,447,8,207,1,18,6,184,6,153,12,332,6,200
LAC,J.J. Redick,$6300000,4,SG,6-4,190,June 24 1984,7,Duke University,,,,,,,,,,,,,,,,,,,,,,,,,,,
LAC,Jamal Crawford,$5225000,11,SG,6-6,185,March 20 1980,13,University of Michigan,2013,32,76,0,29.3,5.9,13.4,.438,2.0,5.2,.376,3.9,8.2,.477,2.8,3.3,.871,0.3,1.4,1.7,2.5,1.0,0.2,1.9,0.9,16.5,10,380,4,121,4,77,8,266,3,43,2,52,1,20,3,58
LAC,Jared Dudley,$4250000,9,SF,6-7,225,July 10 1985,6,Boston College,,,,,,,,,,,,,,,,,,,,,,,,,,,
LAC,Matt Barnes,$3250000,22,SF,6-7,235,March 9 1980,10,University of California Los Angeles,2013,32,80,4,25.7,3.9,8.4,.462,1.4,4.1,.342,2.5,4.4,.574,1.1,1.5,.744,1.4,3.2,4.6,1.5,1.0,0.8,1.1,2.9,10.3,4,126,7,205,4,77,2,65,5,151,4,144,4,61,7,218
LAC,Darren Collison,$1900000,2,PG,6-0,160,August 23 1987,4,University of California Los Angeles,,,,,,,,,,,,,,,,,,,,,,,,,,,
LAC,Willie Green,$1399507,34,SG,6-4,200,July 28 1981,10,University of Detroit Mercy,2013,31,72,60,16.5,2.5,5.4,.461,1.0,2.3,.428,1.5,3.1,.486,0.3,0.4,.719,0.2,1.1,1.3,0.8,0.4,0.2,0.4,1.3,6.3,13,421,11,320,11,305,8,266,9,261,8,248,6,121,13,419
LAC,Reggie Bullock,$1149000,25,SF,6-7,205,March 16 1991,R,University of North Carolina,,,,,,,,,,,,,,,,,,,,,,,,,,,
LAC,Byron Mullens,$947907,0,C,7-0,275,February 14 1989,4,Ohio State University,,,,,,,,,,,,,,,,,,,,,,,,,,,
LAC,Ryan Hollins,$1186459,15,PF,7-0,230,October 10 1984,7,University of California Los Angeles,2013,28,60,0,11.1,1.2,1.9,.614,0.0,0.0,.000,1.2,1.9,.614,1.1,1.5,.750,0.8,1.5,2.3,0.2,0.1,0.6,0.7,2.2,3.4,8,303,15,483,14,468,5,111,11,391,12,399,12,332,7,218
LAC,Hedo Turkoglu,$749148,8,SF,6-10,220,March 19 1979,13,,,,,,,,,,,,,,,,,,,,,,,,,,,,
LAL,Kobe Bryant,$30453805,24,SG,6-6,200,August 23 1978,17,,2013,34,78,78,38.6,9.5,20.4,.463,1.7,5.2,.324,7.8,15.2,.510,6.7,8.0,.839,0.8,4.7,5.6,6.0,1.4,0.3,3.7,2.2,27.3,4,85,2,26,2,30,6,212,1,3,1,3,2,37,1,3
LAL,Pau Gasol,$19285850,16,C,7-0,227,July 6 1980,12,,2013,32,49,42,33.8,5.5,11.8,.466,0.2,0.6,.286,5.3,11.2,.475,2.6,3.6,.702,2.3,6.3,8.6,4.1,0.5,1.2,2.1,1.9,13.7,2,26,3,50,8,256,2,31,3,81,3,63,11,280,3,69
LAL,Steve Nash,$9300500,10,PG,6-3,195,February 7 1974,17,Santa Clara University,2013,38,50,50,32.5,4.7,9.5,.497,1.1,2.6,.438,3.6,6.9,.519,2.1,2.3,.922,0.5,2.3,2.8,6.7,0.6,0.1,2.5,1.4,12.7,9,247,1,17,6,207,9,348,4,99,4,103,5,97,4,100
LAL,Jordan Hill,$3563600,27,PF,6-10,235,July 27 1987,4,University of Arizona,2013,25,29,1,15.8,2.7,5.3,.497,0.0,0.1,.000,2.7,5.3,.503,1.4,2.1,.656,2.8,2.9,5.7,0.4,0.3,0.7,0.9,1.9,6.7,3,81,13,416,12,367,3,82,10,246,8,230,12,332,6,169
LAL,Chris Kaman,$3183000,9,C,7-0,268,April 28 1982,10,Central Michigan University,,,,,,,,,,,,,,,,,,,,,,,,,,,
LAL,Jodie Meeks,$1550000,20,SG,6-4,208,August 21 1987,4,University of Kentucky,2013,25,78,10,21.3,2.6,6.8,.387,1.6,4.4,.357,1.1,2.4,.441,1.1,1.2,.896,0.5,1.7,2.2,0.9,0.7,0.1,0.7,1.3,7.9,10,317,10,293,5,173,9,348,7,212,9,238,3,46,8,218
LAL,MarShon Brooks,$1210080,2,G-F,6-5,200,January 26 1989,2,Providence College,,,,,,,,,,,,,,,,,,,,,,,,,,,
LAL,Nick Young,$1106942,0,SG,6-6,200,June 1 1985,6,University of Southern California,,,,,,,,,,,,,,,,,,,,,,,,,,,
LAL,Wesley Johnson,$916099,11,SF,6-7,205,July 11 1987,3,Syracuse University,,,,,,,,,,,,,,,,,,,,,,,,,,,
LAL,Xavier Henry,$916099,7,SF,6-6,220,March 15 1991,3,University of Kansas,,,,,,,,,,,,,,,,,,,,,,,,,,,
LAL,Jordan Farmar,$1106942,1,PG,6-2,180,November 30 1986,6,University of California Los Angeles,,,,,,,,,,,,,,,,,,,,,,,,,,,
LAL,Kent Bazemore,$788872,6,G,6-5,201,July 1 1989,1,Old Dominion University,,,,,,,,,,,,,,,,,,,,,,,,,,,
LAL,Robert Sacre,$788872,50,C,7-0,263,June 6 1989,1,Gonzaga University,2013,23,32,3,6.3,0.6,1.5,.375,0.0,0.0,.000,0.6,1.5,.375,0.2,0.3,.636,0.3,0.8,1.1,0.2,0.0,0.3,0.3,1.2,1.3,14,444,15,483,14,491,6,212,14,482,14,471,12,332,13,449
LAL,Kendall Marshall,$547570,12,PG,6-4,195,August 19 1991,1,University of North Carolina,,,,,,,,,,,,,,,,,,,,,,,,,,,
LAL,Ryan Kelly,$490180,4,PF,6-11,230,April 9 1991,R,Duke University,,,,,,,,,,,,,,,,,,,,,,,,,,,
MEM,Zach Randolph,$17800000,50,PF,6-9,253,July 16 1981,12,Michigan State University,2013,31,76,75,34.3,6.2,13.5,.460,0.0,0.3,.087,6.2,13.2,.469,3.0,3.9,.750,4.1,7.2,11.2,1.4,0.8,0.4,2.0,2.4,15.4,1,7,6,219,5,130,9,169,2,54,2,38,14,332,2,49
MEM,Marc Gasol,$14860523,33,C,7-1,265,January 29 1985,5,,2013,28,80,80,35.0,5.4,10.9,.494,0.0,0.2,.071,5.4,10.7,.501,3.4,4.0,.848,2.3,5.5,7.8,4.0,1.0,1.7,2.0,3.2,14.1,2,35,2,52,4,77,1,12,4,72,3,71,14,332,1,32
MEM,Mike Conley,$8200001,11,PG,6-1,180,October 11 1987,6,Ohio State University,2013,25,80,80,34.5,5.2,11.8,.440,1.3,3.7,.362,3.9,8.1,.476,2.9,3.5,.830,0.5,2.3,2.8,6.1,2.2,0.3,2.4,2.1,14.6,9,247,1,23,1,3,10,212,3,65,4,76,1,72,3,54
MEM,Tayshaun Prince,$7235955,21,SF,6-9,215,February 28 1980,11,University of Kentucky,2013,32,37,36,31.7,3.9,9.1,.429,0.4,1.1,.366,3.5,8.0,.437,0.6,1.0,.595,0.8,3.4,4.2,2.3,0.7,0.3,0.9,1.1,8.8,7,126,5,121,6,173,10,212,6,115,5,95,9,206,12,145
MEM,Courtney Lee,$5225000,5,SG,6-5,200,October 3 1985,5,Western Kentucky University,,,,,,,,,,,,,,,,,,,,,,,,,,,
MEM,Tony Allen,$4494382,9,SG,6-4,213,January 11 1982,9,Oklahoma State University,2013,31,79,79,26.7,3.6,8.1,.445,0.0,0.3,.125,3.6,7.8,.458,1.7,2.4,.717,1.5,3.1,4.6,1.2,1.5,0.6,1.2,2.7,8.9,5,126,7,241,2,23,5,111,5,182,6,170,14,332,5,135
MEM,Ed Davis,$3153860,32,PF,6-10,225,June 5 1989,3,University of North Carolina,2013,23,36,4,15.1,2.1,4.0,.517,0.0,0.0,.000,2.1,4.0,.517,1.0,1.8,.569,1.6,2.9,4.4,0.2,0.4,1.3,0.5,2.2,5.1,6,59,18,241,10,207,2,25,12,165,11,132,14,332,8,158
MEM,Kosta Koufos,$3000000,41,C,7-0,265,February 24 1989,5,Ohio State University,,,,,,,,,,,,,,,,,,,,,,,,,,,
MEM,Quincy Pondexter,$2225479,20,SG,6-6,225,March 10 1988,3,University of Washington,2013,24,59,1,21.1,2.2,5.1,.428,1.0,2.6,.395,1.2,2.5,.463,1.0,1.3,.787,0.7,1.5,2.2,1.0,0.6,0.1,0.7,1.6,6.4,10,317,11,270,8,207,13,348,9,256,10,272,2,121,8,231
MEM,Jon Leuer,$900000,30,PF,6-10,228,May 14 1989,2,University of Wisconsin,2013,23,19,0,5.1,0.8,1.3,.625,0.0,0.0,.000,0.8,1.3,.625,0.2,0.4,.571,0.4,0.8,1.3,0.2,0.2,0.0,0.2,0.5,1.8,15,412,18,366,15,431,15,443,18,439,17,408,14,332,17,449
MEM,Mike Miller,$1399507,13,SF,6-8,218,February 19 1980,13,University of Florida,,,,,,,,,,,,,,,,,,,,,,,,,,,
MEM,James Johnson,$680263,3,SF,6-9,245,February 20 1987,4,Wake Forest University,,,,,,,,,,,,,,,,,,,,,,,,,,,
MEM,Jamaal Franklin,$535000,22,SG,6-5,191,July 21 1991,R,San Diego State University,,,,,,,,,,,,,,,,,,,,,,,,,,,
MEM,Nick Calathes,$490180,12,SG,6-6,213,February 7 1989,R,University of Florida,,,,,,,,,,,,,,,,,,,,,,,,,,,
MIA,Chris Bosh,$19067500,1,C,6-10,228,March 24 1984,10,Georgia Institute of Technology,2013,28,74,74,33.2,6.6,12.3,.535,0.3,1.0,.284,6.3,11.3,.557,3.3,4.1,.798,1.8,5.0,6.8,1.7,0.9,1.4,1.7,2.3,16.6,2,57,5,184,4,103,1,18,3,41,3,29,9,255,3,36
MIA,LeBron James,$19067500,6,PF,6-8,240,December 30 1984,10,,2013,28,76,76,37.9,10.1,17.8,.565,1.4,3.3,.406,8.7,14.5,.602,5.3,7.0,.753,1.3,6.8,8.0,7.3,1.7,0.9,3.0,1.4,26.8,1,33,1,12,2,12,3,52,1,4,1,1,4,61,1,7
MIA,Dwyane Wade,$18673000,3,SG,6-4,212,January 17 1982,10,Marquette University,2013,31,69,69,34.7,8.2,15.8,.521,0.2,1.0,.258,8.0,14.9,.537,4.5,6.2,.725,1.2,3.7,5.0,5.1,1.9,0.8,2.8,2.0,21.2,4,108,2,36,1,6,4,65,2,9,2,6,10,280,2,11
MIA,Udonis Haslem,$4340000,40,PF,6-8,230,June 9 1980,10,University of Florida,2013,32,75,59,18.9,1.7,3.3,.514,0.0,0.0,.000,1.7,3.3,.514,0.4,0.6,.711,1.3,4.1,5.4,0.5,0.4,0.2,0.6,2.3,3.9,3,93,10,385,8,305,9,266,11,369,9,339,12,332,10,393
MIA,Mario Chalmers,$4000000,15,PG,6-1,190,May 19 1986,5,University of Kansas,2013,26,77,77,26.9,2.9,6.9,.429,1.6,3.9,.409,1.4,3.0,.456,1.2,1.5,.795,0.2,2.0,2.2,3.5,1.5,0.2,1.5,2.5,8.6,9,317,3,70,3,23,9,266,5,193,5,217,3,46,6,200
MIA,Shane Battier,$3270000,31,SF,6-8,220,September 9 1978,12,Duke University,2013,34,72,20,24.8,2.1,5.0,.420,1.9,4.4,.430,0.2,0.6,.348,0.4,0.5,.842,0.5,1.8,2.3,1.0,0.6,0.8,0.5,2.1,6.6,8,303,8,270,7,207,4,65,6,251,7,288,1,24,10,393
MIA,Ray Allen,$3229050,34,SG,6-5,205,July 20 1975,17,University of Connecticut,2013,37,79,0,25.8,3.7,8.2,.449,1.8,4.2,.419,1.9,4.0,.480,1.8,2.0,.886,0.5,2.2,2.7,1.7,0.8,0.2,1.3,1.6,10.9,6,260,5,184,5,130,9,266,4,132,4,160,2,30,4,124
MIA,Toney Douglas,$1600000,0,G,6-2,190,March 16 1986,4,Florida State University,,,,,,,,,,,,,,,,,,,,,,,,,,,
MIA,James Jones,$1500000,22,SF,6-8,225,October 4 1980,10,University of Miami,2013,32,38,0,5.8,0.6,1.6,.344,0.4,1.4,.302,0.1,0.2,.625,0.1,0.1,.500,0.0,0.6,0.6,0.3,0.1,0.2,0.1,0.4,1.6,18,491,13,447,14,468,9,266,14,473,15,471,7,231,14,478
MIA,Rashard Lewis,$1399507,9,SF,6-10,215,August 8 1979,15,,2013,33,55,9,14.4,1.9,4.5,.414,0.9,2.4,.389,0.9,2.1,.441,0.5,0.8,.622,0.3,1.9,2.2,0.5,0.4,0.3,0.6,1.2,5.2,9,317,10,385,8,305,7,212,8,303,8,313,6,140,9,361
MIA,Chris Andersen,$1399507,11,C,6-10,230,July 7 1978,11,Blinn College,2013,34,42,0,14.9,1.7,2.9,.577,0.0,0.1,.667,1.6,2.9,.575,1.5,2.2,.677,1.4,2.7,4.1,0.4,0.4,1.0,0.6,2.1,4.9,5,145,12,416,8,305,2,44,9,322,9,339,12,332,5,158
MIA,Norris Cole,$1129200,30,PG,6-2,170,October 13 1988,2,Cleveland State University,2013,24,80,4,19.9,2.2,5.3,.421,0.4,1.2,.357,1.8,4.1,.440,0.7,1.0,.650,0.2,1.4,1.6,2.1,0.7,0.1,1.3,1.9,5.6,13,390,4,148,6,173,14,348,7,284,6,272,7,231,8,298
MIA,Greg Oden,$1027424,20,C,7-0,250,January 22 1988,2,Ohio State University,,,,,,,,,,,,,,,,,,,,,,,,,,,
MIA,Michael Beasley,$1027424,8,SF,6-9,235,January 9 1989,5,Kansas State University,,,,,,,,,,,,,,,,,,,,,,,,,,,
MIL,O.J. Mayo,$8000000,00,SG,6-4,210,November 5 1987,5,University of Southern California,,,,,,,,,,,,,,,,,,,,,,,,,,,
MIL,Ersan Ilyasova,$7900000,7,PF,6-9,235,May 15 1987,5,,2013,25,73,54,27.6,5.1,11.0,.462,1.3,2.9,.444,3.8,8.1,.469,1.7,2.2,.796,2.1,5.0,7.1,1.6,0.9,0.5,1.0,2.5,13.2,2,51,7,193,3,103,5,131,3,88,3,80,4,72,4,135
MIL,Zaza Pachulia,$5200000,27,C,6-11,240,February 10 1984,10,,,,,,,,,,,,,,,,,,,,,,,,,,,,
MIL,Ramon Sessions,$5000000,13,G,6-3,190,April 11 1986,6,University of Nevada Reno,,,,,,,,,,,,,,,,,,,,,,,,,,,
MIL,Ekpe Udoh,$4469548,5,PF,6-10,240,May 20 1987,3,Baylor University,2013,25,76,9,17.3,1.5,3.5,.435,0.0,0.0,.000,1.5,3.5,.437,1.2,1.6,.748,1.5,1.8,3.3,0.6,0.5,1.1,0.6,1.8,4.3,9,203,13,366,8,256,2,36,13,342,14,354,13,332,6,200
MIL,Carlos Delfino,$3250000,,,,,,,,,,,,,,,,,,,,,,,,,,,,,,,,,,
MIL,Larry Sanders,$3053368,8,C,6-11,235,November 21 1988,3,Virginia Commonwealth University,2013,24,71,55,27.3,4.3,8.5,.506,0.0,0.0,.000,4.3,8.5,.507,1.2,1.9,.618,3.2,6.3,9.5,1.2,0.7,2.8,1.2,3.3,9.8,1,19,8,241,6,173,1,2,6,162,4,123,13,332,6,200
MIL,Brandon Knight,$2793960,11,PG,6-3,189,December 2 1991,2,University of Kentucky,,,,,,,,,,,,,,,,,,,,,,,,,,,
MIL,John Henson,$1905360,31,PF,6-11,220,December 28 1990,1,University of North Carolina,2013,22,63,9,13.1,2.6,5.3,.482,0.0,0.0,.000,2.6,5.3,.486,0.9,1.7,.533,1.8,2.9,4.7,0.5,0.3,0.7,0.7,1.3,6.0,5,121,14,385,13,367,4,82,10,270,9,238,13,332,9,255
MIL,Giannis Antetokounmpo,$1792560,34,SF,6-9,210,December 6 1994,R,,,,,,,,,,,,,,,,,,,,,,,,,,,,
MIL,Viacheslav Kravtsov,$1500000,,,,,,,,,,,,,,,,,,,,,,,,,,,,,,,,,,
MIL,Miroslav Raduljica,$1500000,9,C,7-0,250,January 5 1988,R,,,,,,,,,,,,,,,,,,,,,,,,,,,,
MIL,Ishmael Smith,$951463,,,,,,,,2013,24,16,0,8.6,1.1,2.7,.395,0.3,0.6,.400,0.8,2.1,.394,0.0,0.0,.000,0.1,0.9,0.9,1.9,0.5,0.2,0.6,0.8,2.4,17,421,5,166,8,256,11,266,17,439,17,408,6,255,17,478
MIL,Jeff Adrien,$916099,12,F,6-7,243,February 10 1986,3,University of Connecticut,,,,,,,,,,,,,,,,,,,,,,,,,,,
MIL,Khris Middleton,$788872,22,SF,6-7,215,August 12 1991,1,Texas A&M University,,,,,,,,,,,,,,,,,,,,,,,,,,,
MIL,Nate Wolters,$500000,6,PG,6-4,190,May 15 1991,R,South Dakota State University,,,,,,,,,,,,,,,,,,,,,,,,,,,
MIN,Kevin Love,$14693906,42,PF,6-10,260,September 7 1988,5,University of California Los Angeles,2013,24,18,18,34.3,5.8,16.6,.352,1.1,5.1,.217,4.7,11.4,.413,5.6,7.9,.704,3.6,10.4,14.0,2.3,0.7,0.5,2.2,1.9,18.3,1,3,7,135,7,173,5,131,1,20,2,55,2,97,1,5
MIN,Nikola Pekovic,$12100000,14,C,6-11,243,January 3 1986,3,,2013,27,62,62,31.6,6.2,12.0,.520,0.0,0.0,.000,6.2,12.0,.520,3.9,5.2,.744,3.7,5.1,8.8,0.9,0.7,0.8,1.6,2.3,16.3,2,24,10,293,7,173,4,65,2,46,1,38,12,332,2,22
MIN,Kevin Martin,$6500000,23,SG,6-7,185,February 1 1983,9,Western Carolina University,,,,,,,,,,,,,,,,,,,,,,,,,,,
MIN,Chase Budinger,$5000000,10,SF,6-7,218,May 22 1988,4,University of Arizona,2013,24,23,1,22.1,3.4,8.3,.414,1.1,3.5,.321,2.3,4.8,.482,1.4,1.8,.762,0.7,2.4,3.1,1.1,0.6,0.3,1.0,1.3,9.4,9,216,9,254,10,207,10,212,8,171,8,184,2,97,8,169
MIN,Jose Barea,$4687000,11,PG,6-0,175,June 26 1984,7,Northeastern University,2013,28,74,2,23.1,4.3,10.2,.417,1.3,3.8,.346,3.0,6.5,.458,1.4,1.8,.784,0.5,2.3,2.8,4.0,0.4,0.0,2.0,1.8,11.3,10,247,3,52,15,305,16,443,6,124,5,123,1,72,8,169
MIN,Luc Mbah a Moute,$4588384,12,PF,6-8,230,September 9 1986,5,University of California Los Angeles,,,,,,,,,,,,,,,,,,,,,,,,,,,
MIN,Corey Brewer,$4500000,13,SF,6-9,185,March 5 1986,6,University of Florida,,,,,,,,,,,,,,,,,,,,,,,,,,,
MIN,Ricky Rubio,$4002120,9,PG,6-4,180,October 21 1990,2,,2013,22,57,47,29.7,3.2,9.0,.360,0.5,1.6,.293,2.8,7.4,.374,3.7,4.6,.799,0.8,3.2,4.0,7.3,2.4,0.1,3.0,2.5,10.7,6,153,1,12,1,1,14,348,7,138,9,200,7,206,3,25
MIN,Alexey Shved,$3150000,1,SG,6-6,190,December 16 1988,1,,2013,24,77,16,23.9,3.1,8.2,.372,1.1,3.7,.295,2.0,4.5,.435,1.4,1.9,.720,0.5,1.7,2.3,3.7,0.7,0.4,1.9,1.5,8.6,16,303,5,62,7,173,8,169,10,193,10,209,2,97,8,169
MIN,Dante Cunningham,$2180000,33,SF,6-8,230,April 22 1987,4,Villanova University,2013,25,80,9,25.1,3.9,8.4,.468,0.0,0.1,.000,3.9,8.3,.472,0.8,1.3,.650,1.8,3.3,5.1,0.8,1.1,0.5,0.7,1.9,8.7,5,103,11,320,3,62,5,131,9,189,7,144,12,332,12,275
MIN,Shabazz Muhammad,$1887120,15,SG,6-6,225,November 13 1992,R,University of California Los Angeles,,,,,,,,,,,,,,,,,,,,,,,,,,,
MIN,Ronny Turiaf,$1500000,32,PF,6-10,249,January 13 1983,8,Gonzaga University,,,,,,,,,,,,,,,,,,,,,,,,,,,
MIN,Gorgui Dieng,$1352640,5,C,6-11,245,January 18 1990,R,University of Louisville,,,,,,,,,,,,,,,,,,,,,,,,,,,
MIN,A.J. Price,$947907,22,SG,6-2,181,October 7 1986,4,University of Connecticut,,,,,,,,,,,,,,,,,,,,,,,,,,,
MIN,Robbie Hummel,$490180,6,SF,6-8,215,March 8 1989,R,Purdue University,,,,,,,,,,,,,,,,,,,,,,,,,,,
NOP,Eric Gordon,$14283844,10,SG,6-3,222,December 25 1988,5,Indiana University,2013,24,42,40,30.1,5.6,13.9,.402,1.3,4.1,.324,4.3,9.8,.436,4.5,5.3,.842,0.2,1.6,1.8,3.3,1.1,0.2,2.8,1.8,17.0,11,366,2,80,3,62,8,266,1,38,2,57,2,72,1,11
NOP,Tyreke Evans,$10300000,1,SF,6-6,220,September 19 1989,4,University of Memphis,,,,,,,,,,,,,,,,,,,,,,,,,,,
NOP,Jrue Holiday,$9213484,11,PG,6-3,180,June 12 1990,4,University of California Los Angeles,,,,,,,,,,,,,,,,,,,,,,,,,,,
NOP,Ryan Anderson,$8308500,33,PF,6-10,240,May 6 1988,5,University of California,2013,24,81,22,30.9,5.8,13.8,.423,2.6,6.9,.382,3.2,6.9,.464,1.9,2.2,.844,2.4,4.0,6.4,1.2,0.5,0.4,1.2,2.2,16.2,3,64,6,241,7,256,5,169,2,48,1,55,1,2,5,117
NOP,Anthony Davis,$5375760,23,C,6-10,220,March 11 1993,1,University of Kentucky,2013,19,64,60,28.8,5.5,10.6,.516,0.0,0.1,.000,5.5,10.5,.521,2.6,3.5,.751,2.6,5.6,8.2,1.0,1.2,1.8,1.4,2.5,13.5,1,32,8,270,1,52,1,9,4,83,4,63,10,332,2,69
NOP,Al-Farouq Aminu,$3700000,0,SF,6-9,215,September 21 1990,3,Wake Forest University,2013,22,76,71,27.2,3.0,6.2,.475,0.1,0.3,.211,2.9,6.0,.486,1.3,1.8,.737,1.8,5.9,7.7,1.4,1.2,0.7,1.5,2.0,7.3,2,38,5,219,1,52,4,82,7,225,7,212,8,304,8,190
NOP,Greg Stiemsma,$2676000,34,C,6-11,260,September 26 1985,2,University of Wisconsin,,,,,,,,,,,,,,,,,,,,,,,,,,,
NOP,Jason Smith,$2500000,14,PF,7-0,240,March 2 1986,5,Colorado State University,2013,26,51,0,17.2,3.3,6.7,.490,0.0,0.1,.000,3.3,6.6,.496,1.7,2.0,.843,1.3,2.4,3.6,0.7,0.3,0.9,1.1,2.4,8.2,6,190,12,342,13,367,3,52,6,203,6,190,10,332,6,135
NOP,Austin Rivers,$2339040,25,SG,6-4,200,August 1 1992,1,Duke University,2013,20,61,26,23.2,2.4,6.4,.372,0.5,1.4,.326,1.9,5.0,.385,1.0,1.8,.546,0.3,1.5,1.8,2.1,0.4,0.1,1.2,2.0,6.2,11,366,4,148,10,305,12,348,9,262,9,255,6,206,10,231
NOP,Anthony Morrow,$1027424,3,SG,6-5,210,September 27 1985,5,Georgia Institute of Technology,,,,,,,,,,,,,,,,,,,,,,,,,,,
NOP,Darius Miller,$788872,2,SF,6-8,235,March 21 1990,1,University of Kentucky,2013,22,52,2,13.3,0.8,2.1,.407,0.4,1.1,.393,0.4,1.0,.423,0.2,0.2,1.000,0.2,1.3,1.5,0.8,0.3,0.2,0.4,1.7,2.3,14,403,10,320,13,367,8,266,15,446,17,452,7,231,15,449
NOP,Brian Roberts,$788872,22,PG,6-1,180,December 3 1985,1,University of Dayton,2013,27,78,5,17.0,2.7,6.6,.417,0.8,2.0,.386,2.0,4.6,.430,0.9,1.0,.909,0.2,1.0,1.2,2.8,0.5,0.0,0.9,1.4,7.1,16,434,3,102,7,256,16,443,8,234,8,230,5,155,11,255
NOP,Alexis Ajinca,$635880,42,C,7-0,220,May 6 1988,3,,,,,,,,,,,,,,,,,,,,,,,,,,,,
NOP,Jeff Withey,$490180,5,C,7-0,235,March 7 1990,R,University of Kansas,,,,,,,,,,,,,,,,,,,,,,,,,,,
NOP,Luke Babbitt,$387995,8,F,6-9,225,June 20 1989,3,University of Nevada Reno,,,,,,,,,,,,,,,,,,,,,,,,,,,
NYK,Amar'e Stoudemire,$21679893,1,C,6-10,245,November 16 1982,11,,2013,30,29,0,23.5,5.3,9.2,.577,0.0,0.0,.000,5.3,9.2,.577,3.6,4.5,.808,2.1,2.9,5.0,0.4,0.3,0.7,1.7,3.1,14.2,7,108,15,416,11,367,4,82,3,70,4,73,13,332,2,26
NYK,Carmelo Anthony,$21388953,7,PF,6-8,230,May 29 1984,10,Syracuse University,2013,28,67,67,37.0,10.0,22.2,.449,2.3,6.2,.379,7.6,16.0,.476,6.3,7.6,.830,2.0,4.9,6.9,2.6,0.8,0.5,2.6,3.1,28.7,4,54,5,112,7,130,7,131,1,1,1,2,1,7,1,4
NYK,Tyson Chandler,$14100538,6,C,7-1,235,October 2 1982,12,,2013,30,66,66,32.8,3.9,6.1,.638,0.0,0.0,.000,3.9,6.1,.638,2.7,3.9,.694,4.1,6.6,10.7,0.9,0.6,1.1,1.3,2.8,10.4,2,11,9,293,9,207,1,36,6,148,6,144,13,332,4,64
NYK,Andrea Bargnani,$11862500,77,C,7-0,225,October 26 1985,7,,,,,,,,,,,,,,,,,,,,,,,,,,,,
NYK,J.R. Smith,$5565000,8,SF,6-6,220,September 9 1985,9,,2013,27,80,0,33.5,6.6,15.6,.422,1.9,5.5,.356,4.7,10.2,.458,3.0,3.9,.762,0.8,4.5,5.3,2.7,1.3,0.3,1.7,2.8,18.1,5,94,4,105,3,40,10,212,2,21,2,29,2,24,3,49
NYK,Raymond Felton,$3637073,2,PG,6-1,198,June 26 1984,8,University of North Carolina,2013,28,68,68,34.0,5.5,13.0,.427,1.4,3.8,.360,4.2,9.2,.455,1.5,1.9,.789,0.8,2.1,2.9,5.5,1.4,0.2,2.3,1.9,13.9,12,238,1,33,2,30,12,266,4,77,3,63,5,61,6,158
NYK,Iman Shumpert,$1703760,21,SG,6-5,212,June 26 1990,2,Georgia Institute of Technology,2013,22,45,45,22.1,2.4,6.1,.396,1.1,2.8,.402,1.3,3.3,.392,0.8,1.0,.766,0.7,2.3,3.0,1.7,1.0,0.2,0.8,2.2,6.8,11,228,7,184,4,77,12,266,10,243,10,255,6,97,10,275
NYK,Pablo Prigioni,$1591350,9,PG,6-3,180,May 17 1977,1,,2013,35,78,18,16.2,1.3,2.8,.455,0.7,1.7,.396,0.6,1.1,.547,0.3,0.3,.880,0.5,1.3,1.8,3.0,0.9,0.0,1.1,1.6,3.5,17,366,3,89,5,103,18,443,15,385,14,386,10,172,14,419
NYK,Metta World Peace,$1590000,51,SF,6-6,244,November 13 1979,14,St. John's University,,,,,,,,,,,,,,,,,,,,,,,,,,,
NYK,Tim Hardaway,$1196760,5,SG,6-6,205,March 16 1992,R,University of Michigan,,,,,,,,,,,,,,,,,,,,,,,,,,,
NYK,Kenyon Martin,$1399507,3,PF,6-9,234,December 30 1977,13,University of Cincinnati,2013,35,18,11,23.9,3.1,5.2,.602,0.0,0.0,.000,3.1,5.2,.602,0.9,2.2,.425,1.9,3.4,5.3,0.4,0.9,0.9,0.9,3.6,7.2,5,94,15,416,5,103,3,52,8,228,8,209,13,332,9,255
NYK,Cole Aldrich,$916099,45,C,6-11,245,October 31 1988,3,University of Kansas,,,,,,,,,,,,,,,,,,,,,,,,,,,
NYK,Beno Udrih,$1272279,18,SG,6-3,205,July 5 1982,9,,,,,,,,,,,,,,,,,,,,,,,,,,,,
NYK,Jeremy Tyler,$556584,4,C,6-10,260,June 21 1991,2,,,,,,,,,,,,,,,,,,,,,,,,,,,,
NYK,Toure' Murry,$490180,23,SF,6-5,195,November 8 1989,R,Wichita State University,,,,,,,,,,,,,,,,,,,,,,,,,,,
OKC,Kevin Durant,$17832627,35,SF,6-9,215,September 29 1988,6,University of Texas at Austin,2013,24,81,81,38.5,9.0,17.7,.510,1.7,4.1,.416,7.3,13.6,.539,8.4,9.3,.905,0.6,7.3,7.9,4.6,1.4,1.3,3.5,1.8,28.1,1,34,2,41,2,30,2,25,1,2,1,4,2,37,1,2
OKC,Russell Westbrook,$14693906,0,PG,6-3,187,November 12 1988,5,University of California Los Angeles,2013,24,82,82,34.9,8.2,18.7,.438,1.2,3.7,.323,7.0,15.1,.466,5.6,7.0,.800,1.4,3.9,5.2,7.4,1.8,0.3,3.3,2.3,23.2,4,100,1,8,1,7,7,212,2,6,2,6,4,86,2,5
OKC,Serge Ibaka,$12350000,9,PF,6-10,220,September 18 1989,4,,2013,23,80,80,31.1,5.6,9.7,.573,0.3,0.7,.351,5.3,9.0,.591,1.8,2.4,.749,2.8,4.9,7.7,0.5,0.4,3.0,1.6,2.7,13.2,2,38,11,385,11,305,1,1,4,88,3,57,8,255,4,124
OKC,Kendrick Perkins,$8977437,5,C,6-10,280,November 10 1984,10,,2013,28,78,78,25.1,1.8,4.0,.457,0.0,0.0,.000,1.8,4.0,.458,0.6,0.9,.611,1.4,4.6,6.0,1.4,0.6,1.1,1.4,2.9,4.2,3,71,7,219,5,207,3,36,8,345,8,322,12,332,9,332
OKC,Thabo Sefolosha,$3900000,25,SG,6-5,215,May 2 1984,7,,2013,28,81,81,27.5,2.8,5.8,.481,1.3,3.2,.419,1.4,2.6,.558,0.7,0.9,.826,0.7,3.2,3.9,1.5,1.3,0.5,0.8,2.2,7.6,6,162,5,205,3,40,5,131,5,223,5,225,3,72,5,298
OKC,Nick Collison,$2585668,4,PF,6-9,255,October 26 1980,9,University of Kansas,2013,32,81,2,19.5,2.2,3.7,.595,0.0,0.0,.000,2.2,3.6,.603,0.7,1.0,.769,1.5,2.6,4.1,1.5,0.6,0.4,0.9,2.4,5.1,5,145,5,205,5,207,6,169,7,309,6,272,12,332,5,298
OKC,Jeremy Lamb,$2111160,11,SG,6-5,180,May 30 1992,1,University of Connecticut,2013,20,23,0,6.4,1.0,3.0,.353,0.4,1.3,.300,0.7,1.7,.395,0.6,0.6,1.000,0.2,0.6,0.8,0.2,0.1,0.1,0.3,0.6,3.1,15,480,15,483,15,468,11,348,10,404,10,425,6,231,9,332
OKC,Steven Adams,$2090880,12,C,7-0,250,July 28 1993,R,University of Pittsburgh,,,,,,,,,,,,,,,,,,,,,,,,,,,
OKC,Reggie Jackson,$1260360,15,PG,6-3,208,April 16 1990,2,Boston College,2013,22,70,0,14.2,2.1,4.6,.458,0.3,1.5,.231,1.8,3.2,.566,0.7,0.9,.839,0.3,2.1,2.4,1.7,0.4,0.2,0.8,1.2,5.3,9,285,4,184,11,305,8,266,6,294,7,288,8,255,5,298
OKC,Hasheem Thabeet,$1200000,34,C,7-3,263,February 16 1987,4,University of Connecticut,2013,25,66,4,11.7,1.0,1.6,.604,0.0,0.0,.000,1.0,1.6,.604,0.5,0.8,.604,1.0,1.9,3.0,0.2,0.5,0.9,0.6,2.2,2.4,7,228,15,483,9,256,4,52,13,439,10,425,12,332,12,361
OKC,Andre Roberson,$1110840,21,PF,6-7,210,December 4 1991,R,University of Colorado,,,,,,,,,,,,,,,,,,,,,,,,,,,
OKC,Perry Jones,$1082520,3,PF,6-11,235,September 24 1991,1,Baylor University,2013,21,38,1,7.4,1.0,2.6,.394,0.0,0.1,.000,1.0,2.6,.402,0.3,0.4,.667,0.3,1.3,1.6,0.3,0.1,0.2,0.4,0.6,2.3,12,390,13,447,15,468,8,266,14,446,10,425,12,332,14,419
OKC,Derek Fisher,$1399507,6,SG,6-1,200,August 9 1974,17,University of Arkansas at Little Rock,2013,38,24,0,14.4,1.3,4.0,.333,0.8,2.4,.351,0.5,1.6,.308,0.6,0.6,.933,0.1,0.8,0.9,0.7,0.6,0.0,0.5,1.3,4.1,14,380,9,77,5,207,14,266,9,193,9,238,5,97,9,81
ORL,Jameer Nelson,$8600000,14,PG,6-0,190,February 9 1982,9,Saint Joseph's University,2013,30,56,56,35.3,5.5,13.9,.392,2.2,6.3,.341,3.3,7.6,.435,1.6,1.8,.873,0.4,3.3,3.7,7.4,1.3,0.1,2.8,2.9,14.7,5,180,1,8,1,40,13,348,5,62,5,63,2,12,6,145
ORL,Arron Afflalo,$7750000,4,SG,6-5,215,October 15 1985,6,University of California Los Angeles,2013,27,64,64,36.0,6.2,14.1,.439,1.1,3.8,.300,5.1,10.4,.489,3.0,3.5,.857,0.5,3.3,3.7,3.2,0.6,0.2,2.2,2.1,16.5,5,180,4,85,8,207,11,266,2,43,3,38,3,97,1,49
ORL,Glen Davis,$6400000,11,PF,6-9,289,January 1 1986,6,Louisiana State University,2013,27,34,33,31.3,6.3,14.1,.448,0.0,0.1,.000,6.3,14.0,.450,2.5,3.4,.718,1.6,5.6,7.2,2.1,0.9,0.6,1.9,2.6,15.1,3,47,6,148,3,103,4,111,3,57,2,35,14,332,3,75
ORL,Victor Oladipo,$4763760,5,PG,6-5,214,May 4 1992,R,Indiana University,,,,,,,,,,,,,,,,,,,,,,,,,,,
ORL,Al Harrington,$3574300,,,,,,,,2013,32,10,0,11.9,2.0,5.7,.351,0.8,3.0,.267,1.2,2.7,.444,0.3,0.4,.750,0.6,2.1,2.7,1.0,0.4,0.1,0.7,1.8,5.1,11,260,13,270,11,305,13,348,11,309,11,298,6,155,16,419
ORL,Jason Maxiell,$2500000,54,PF,6-7,260,February 18 1983,8,University of Cincinnati,,,,,,,,,,,,,,,,,,,,,,,,,,,
ORL,Maurice Harkless,$1809840,21,SF,6-8,208,May 11 1993,1,St. John's University,2013,19,76,59,26.0,3.4,7.4,.461,0.4,1.5,.274,3.0,5.9,.510,1.0,1.7,.570,1.6,2.8,4.4,0.7,1.2,0.8,0.9,1.9,8.2,4,132,15,342,2,52,3,65,8,203,8,184,8,231,8,231
ORL,Nikola Vucevic,$1793520,9,C,6-10,240,October 24 1990,2,University of Southern California,2013,22,77,77,33.2,6.0,11.5,.519,0.0,0.0,.000,6.0,11.5,.520,1.1,1.6,.683,3.5,8.4,11.9,1.9,0.8,1.0,1.8,2.8,13.1,1,5,9,166,6,130,2,44,6,91,4,50,14,332,7,218
ORL,Tobias Harris,$1545840,12,PF,6-8,226,July 15 1992,2,University of Tennessee,2013,20,27,20,36.1,6.7,14.7,.453,1.0,3.2,.310,5.7,11.5,.494,3.0,4.1,.721,2.1,6.4,8.5,2.1,0.9,1.4,1.8,3.3,17.3,2,27,6,148,3,103,1,18,1,32,1,24,4,121,1,49
ORL,Andrew Nicholson,$1482000,44,PF,6-9,250,December 8 1989,1,St. Bonaventure University,2013,23,75,28,16.7,3.4,6.5,.527,0.0,0.0,.000,3.4,6.5,.527,1.0,1.3,.798,0.9,2.5,3.4,0.6,0.3,0.4,1.1,1.8,7.8,8,197,16,366,13,367,6,169,9,215,8,184,14,332,8,231
ORL,Ronnie Price,$1265977,10,SG,6-2,190,June 21 1983,8,Utah Valley State College,,,,,,,,,,,,,,,,,,,,,,,,,,,
ORL,E'Twaun Moore,$884293,55,SG,6-4,191,February 28 1989,2,Purdue University,2013,23,75,21,22.4,3.2,8.0,.396,0.9,2.6,.340,2.3,5.3,.424,0.6,0.8,.797,0.6,1.6,2.2,2.7,0.7,0.3,1.4,1.6,7.8,15,317,5,105,7,173,7,212,9,215,10,200,5,140,10,332
ORL,Kyle O'Quinn,$788872,2,C,6-10,240,March 26 1990,1,Norfolk State University,2013,22,57,5,11.2,1.8,3.5,.513,0.0,0.0,.000,1.8,3.4,.515,0.5,0.8,.667,1.1,2.5,3.7,0.9,0.2,0.5,0.6,1.9,4.1,5,180,14,293,17,431,5,131,12,350,12,322,14,332,11,361
ORL,Doron Lamb,$788872,1,SG,6-4,210,November 6 1991,1,University of Kentucky,2013,21,24,0,12.4,1.1,2.8,.397,0.4,0.9,.476,0.7,2.0,.362,0.5,0.8,.632,0.2,1.0,1.2,0.5,0.3,0.0,0.4,1.0,3.2,18,434,17,293,13,367,17,443,16,391,17,366,8,231,11,361
PHI,Danny Granger,$14021788,,,,,,,,,,,,,,,,,,,,,,,,,,,,,,,,,,
PHI,Thaddeus Young,$8850000,21,PF,6-8,220,June 21 1988,6,Georgia Institute of Technology,2013,24,76,76,34.6,6.7,12.6,.531,0.0,0.1,.125,6.7,12.5,.535,1.4,2.5,.574,2.4,5.1,7.5,1.6,1.8,0.7,1.2,2.5,14.8,1,44,7,193,1,7,2,82,2,59,2,24,12,332,6,169
PHI,Jason Richardson,$6204250,,,,,,,,2013,32,33,33,28.4,4.1,10.2,.402,1.7,5.1,.341,2.4,5.1,.462,0.6,1.0,.606,0.6,3.3,3.8,1.5,1.2,0.5,0.8,1.7,10.5,6,173,8,205,3,52,5,131,6,143,5,132,1,37,10,332
PHI,Earl Clark,$4250000,,,,,,,,,,,,,,,,,,,,,,,,,,,,,,,,,,
PHI,Nerlens Noel,$3172320,,,,,,,,,,,,,,,,,,,,,,,,,,,,,,,,,,
PHI,Michael Carter-Williams,$2200920,1,PG,6-6,185,October 12 1991,R,Syracuse University,,,,,,,,,,,,,,,,,,,,,,,,,,,
PHI,Tony Wroten,$1160040,8,SG,6-5,205,April 13 1993,1,University of Washington,,,,,,,,,,,,,,,,,,,,,,,,,,,
PHI,Arnett Moultrie,$1089240,5,PF,6-11,249,November 18 1990,1,Mississippi State University,2013,22,47,0,11.5,1.7,2.9,.582,0.0,0.0,.000,1.7,2.9,.582,0.4,0.6,.643,1.6,1.5,3.1,0.2,0.4,0.2,0.4,0.9,3.7,9,216,17,483,9,305,10,266,12,377,11,339,12,332,13,393
PHI,Elliot Williams,$792156,25,SG,6-5,180,June 20 1989,1,University of Memphis,,,,,,,,,,,,,,,,,,,,,,,,,,,
PHI,Henry Sims,$788872,35,C,6-10,245,March 27 1990,1,Georgetown University,,,,,,,,,,,,,,,,,,,,,,,,,,,
PHI,Hollis Thompson,$490180,31,SF,6-8,206,April 3 1991,R,Georgetown University,,,,,,,,,,,,,,,,,,,,,,,,,,,
PHI,Brandon Davies,$490180,20,PF,6-10,240,July 25 1991,R,Brigham Young University,,,,,,,,,,,,,,,,,,,,,,,,,,,
PHI,Lorenzo Brown,$423862,7,SG,6-5,189,August 26 1990,R,North Carolina State University,,,,,,,,,,,,,,,,,,,,,,,,,,,
PHI,Gani Lawal,$100000,,,,,,,,,,,,,,,,,,,,,,,,,,,,,,,,,,
PHI,Vander Blue,$55000,,,,,,,,,,,,,,,,,,,,,,,,,,,,,,,,,,
PHO,Emeka Okafor,$14487500,,,,,,,,,,,,,,,,,,,,,,,,,,,,,,,,,,
PHO,Caron Butler,$8000000,,,,,,,,,,,,,,,,,,,,,,,,,,,,,,,,,,
PHO,Goran Dragic,$7500000,1,SG,6-4,180,May 6 1986,5,,2013,26,77,77,33.5,5.2,11.8,.443,1.1,3.6,.319,4.1,8.2,.497,3.2,4.2,.748,0.8,2.3,3.1,7.4,1.6,0.3,2.8,2.8,14.7,8,216,1,8,1,16,8,212,1,62,2,76,2,97,1,40
PHO,Channing Frye,$6400000,8,PF,6-11,248,May 17 1983,7,University of Arizona,,,,,,,,,,,,,,,,,,,,,,,,,,,
PHO,Gerald Green,$3500000,14,SG,6-8,200,January 26 1986,6,,,,,,,,,,,,,,,,,,,,,,,,,,,,
PHO,Alex Len,$3492720,21,C,7-1,255,June 16 1993,R,University of Maryland,,,,,,,,,,,,,,,,,,,,,,,,,,,
PHO,Eric Bledsoe,$2626473,2,PG,6-1,190,December 9 1989,3,University of Kentucky,,,,,,,,,,,,,,,,,,,,,,,,,,,
PHO,Markieff Morris,$2091840,11,PF,6-10,245,September 2 1989,2,University of Kansas,2013,23,82,32,22.4,3.2,8.0,.407,0.5,1.6,.336,2.7,6.3,.426,1.1,1.5,.732,1.6,3.2,4.8,1.3,0.9,0.8,1.3,2.5,8.2,5,115,10,231,3,103,4,65,8,203,8,200,7,206,8,218
PHO,Marcus Morris,$1987320,15,SF,6-9,235,September 2 1989,2,University of Kansas,2013,23,23,6,16.1,2.2,5.5,.405,0.5,1.7,.308,1.7,3.8,.448,0.7,1.8,.405,0.7,1.8,2.5,0.7,0.8,0.2,1.0,1.7,5.7,10,145,13,293,5,130,10,212,12,193,11,200,7,61,12,255
PHO,Miles Plumlee,$1121520,22,C,6-10,245,September 1 1988,1,Duke University,,,,,,,,,,,,,,,,,,,,,,,,,,,
PHO,Archie Goodwin,$1064400,20,SG,6-5,198,August 17 1994,R,University of Kentucky,,,,,,,,,,,,,,,,,,,,,,,,,,,
PHO,P.J. Tucker,$884293,17,SF,6-5,225,May 5 1985,2,University of Texas at Austin,2013,27,79,45,24.2,2.7,5.6,.473,0.3,0.9,.314,2.4,4.7,.503,0.8,1.1,.744,1.7,2.8,4.4,1.4,0.8,0.2,0.8,1.8,6.4,6,132,9,219,5,130,10,266,10,256,10,230,10,255,10,275
PHO,Dionte Christmas,$490180,25,SF,6-5,205,September 15 1986,R,Temple University,,,,,,,,,,,,,,,,,,,,,,,,,,,
PHO,Leandro Barbosa,$650359,10,PG,6-3,176,November 28 1982,10,,,,,,,,,,,,,,,,,,,,,,,,,,,,
POR,LaMarcus Aldridge,$14878000,12,PF,6-11,240,July 19 1985,7,University of Texas at Austin,2013,27,74,74,37.7,8.6,17.8,.484,0.0,0.2,.143,8.6,17.6,.488,3.8,4.7,.810,2.4,6.7,9.1,2.6,0.8,1.2,1.9,2.5,21.1,2,23,4,112,4,130,1,31,1,10,1,5,11,332,1,23
POR,Nicolas Batum,$11295250,88,SF,6-8,200,December 14 1988,5,,2013,24,73,73,38.5,4.8,11.4,.423,2.3,6.1,.372,2.6,5.3,.481,2.4,2.9,.848,1.3,4.3,5.6,4.9,1.2,1.1,2.6,1.9,14.3,3,85,2,38,2,52,2,36,4,69,5,95,2,7,3,78
POR,Wesley Matthews,$6875480,2,SG,6-5,220,October 14 1986,4,Marquette University,2013,26,69,69,34.8,5.1,11.7,.436,2.4,6.2,.398,2.7,5.6,.478,2.2,2.7,.797,0.5,2.3,2.8,2.5,1.3,0.3,1.6,2.5,14.8,6,247,5,121,1,40,5,212,3,59,4,80,1,5,5,90
POR,Robin Lopez,$5904261,42,C,7-0,255,April 1 1988,5,Stanford University,,,,,,,,,,,,,,,,,,,,,,,,,,,
POR,Thomas Robinson,$3526440,41,PF,6-9,240,March 17 1991,1,University of Kansas,,,,,,,,,,,,,,,,,,,,,,,,,,,
POR,Damian Lillard,$3202920,0,PG,6-3,195,July 15 1990,1,Weber State University,2013,22,82,82,38.6,6.7,15.7,.429,2.3,6.1,.368,4.5,9.6,.469,3.3,3.9,.844,0.5,2.6,3.1,6.5,0.9,0.2,3.0,2.1,19.0,5,216,1,19,3,103,6,266,2,15,2,24,2,7,2,36
POR,Dorell Wright,$3000000,1,SF,6-7,200,December 2 1985,9,,,,,,,,,,,,,,,,,,,,,,,,,,,,
POR,Joel Freeland,$2897976,19,C,6-10,250,February 7 1987,1,,2013,25,51,1,9.4,1.1,2.8,.408,0.0,0.0,.000,1.1,2.8,.408,0.4,0.5,.667,0.8,1.5,2.3,0.3,0.3,0.2,0.4,1.3,2.6,8,303,15,447,11,367,6,266,13,426,11,408,11,332,10,393
POR,Mo Williams,$2652000,25,PG,6-1,185,December 19 1982,10,University of Alabama,,,,,,,,,,,,,,,,,,,,,,,,,,,
POR,C.J. McCollum,$2316720,3,SG,6-4,200,September 19 1991,R,Lehigh University,,,,,,,,,,,,,,,,,,,,,,,,,,,
POR,Meyers Leonard,$2222160,11,C,7-1,245,February 27 1992,1,University of Illinois at Urbana-Champaign,2013,20,69,9,17.5,2.2,4.0,.545,0.0,0.1,.429,2.1,3.9,.548,1.0,1.3,.809,1.2,2.5,3.7,0.5,0.2,0.6,0.7,2.4,5.5,4,180,12,385,12,431,3,111,7,286,7,272,11,332,6,231
POR,Victor Claver,$1330000,18,SF,6-9,224,August 30 1988,1,,2013,24,49,16,16.6,1.5,3.9,.392,0.5,1.8,.287,1.0,2.1,.480,0.3,0.6,.467,0.6,1.8,2.4,0.9,0.5,0.2,0.9,1.5,3.8,7,285,8,293,8,256,6,266,10,375,9,354,6,206,12,419
POR,Earl Watson,$1399507,17,PG,6-1,195,June 12 1979,12,University of California Los Angeles,,,,,,,,,,,,,,,,,,,,,,,,,,,
POR,Allen Crabbe,$825000,23,SG,6-6,210,April 4 1992,R,University of California,,,,,,,,,,,,,,,,,,,,,,,,,,,
SAC,Rudy Gay,$17888931,8,SF,6-8,230,August 17 1986,7,University of Connecticut,,,,,,,,,,,,,,,,,,,,,,,,,,,
SAC,Carl Landry,$6500000,24,PF,6-9,248,September 19 1983,6,Purdue University,,,,,,,,,,,,,,,,,,,,,,,,,,,
SAC,Jason Thompson,$5643750,34,PF,6-11,250,July 21 1986,5,Rider University,2013,26,82,81,27.9,4.6,9.1,.502,0.0,0.0,.000,4.6,9.0,.504,1.7,2.5,.694,2.1,4.6,6.7,1.0,0.6,0.7,1.2,2.8,10.9,2,59,13,270,9,207,4,82,5,132,3,108,12,332,4,135
SAC,Jason Terry,$5625313,,,,,,,,,,,,,,,,,,,,,,,,,,,,,,,,,,
SAC,Derrick Williams,$5016960,13,SF,6-8,241,May 25 1991,2,University of Arizona,,,,,,,,,,,,,,,,,,,,,,,,,,,
SAC,DeMarcus Cousins,$4916974,15,C,6-11,270,August 13 1990,3,University of Kentucky,2013,22,75,74,30.5,6.4,13.8,.465,0.1,0.3,.182,6.4,13.5,.471,4.2,5.6,.738,3.0,7.0,9.9,2.7,1.4,0.7,3.0,3.6,17.1,1,15,4,105,1,30,4,82,1,35,1,33,11,304,1,15
SAC,Travis Outlaw,$3000000,25,SF,6-9,210,September 18 1984,10,,2013,28,38,2,11.7,1.9,4.7,.418,0.4,1.3,.280,1.6,3.3,.472,1.0,1.4,.731,0.4,1.2,1.6,0.6,0.3,0.2,0.5,0.9,5.3,15,390,15,366,15,367,10,266,11,294,13,313,10,231,8,231
SAC,Ben McLemore,$2895960,16,SG,6-5,195,February 11 1993,R,University of Kansas,,,,,,,,,,,,,,,,,,,,,,,,,,,
SAC,Aaron Gray,$2690875,33,C,7-0,270,December 7 1984,6,University of Pittsburgh,,,,,,,,,,,,,,,,,,,,,,,,,,,
SAC,Jimmer Fredette,$2439840,7,SG,6-2,195,February 25 1989,2,Brigham Young University,2013,23,69,0,14.0,2.5,5.9,.421,0.9,2.3,.417,1.6,3.7,.423,1.2,1.4,.859,0.3,0.8,1.0,1.3,0.4,0.0,1.0,0.9,7.2,17,456,8,231,13,305,15,443,9,228,9,248,7,140,6,200
SAC,Reggie Evans,$1695635,30,F,6-8,245,May 18 1980,11,University of Iowa,,,,,,,,,,,,,,,,,,,,,,,,,,,
SAC,Roger Mason,$1399507,,,,,,,,,,,,,,,,,,,,,,,,,,,,,,,,,,
SAC,Isaiah Thomas,$884293,22,PG,5-9,185,February 7 1989,2,University of Washington,2013,23,79,62,26.9,4.6,10.5,.440,1.5,4.1,.358,3.2,6.5,.491,3.2,3.6,.882,0.4,1.7,2.0,4.0,0.8,0.0,1.8,2.1,13.9,12,338,1,52,4,130,15,443,3,77,3,108,2,54,2,40
SAC,Quincy Acy,$788872,5,SF,6-7,233,October 6 1990,1,Baylor University,,,,,,,,,,,,,,,,,,,,,,,,,,,
SAC,Ray McCallum,$524616,3,PG,6-3,190,June 12 1991,R,University of Detroit Mercy,,,,,,,,,,,,,,,,,,,,,,,,,,,
SAS,Tony Parker,$12500000,9,PG,6-2,180,May 17 1982,12,,2013,30,66,66,32.9,7.9,15.1,.522,0.4,1.0,.353,7.5,14.0,.534,4.2,5.0,.845,0.3,2.7,3.0,7.6,0.8,0.1,2.6,1.4,20.3,8,228,1,6,4,130,12,348,1,11,1,10,9,231,1,15
SAS,Tim Duncan,$10361446,21,C,6-11,248,April 25 1976,16,Wake Forest University,2013,36,69,69,30.1,7.1,14.1,.502,0.0,0.1,.286,7.1,14.0,.504,3.6,4.3,.817,1.8,8.1,9.9,2.7,0.7,2.7,2.1,1.7,17.8,1,15,3,105,6,173,1,3,2,24,2,20,13,332,2,26
SAS,Tiago Splitter,$10000000,22,C,6-11,232,January 1 1985,3,,2013,28,81,58,24.7,3.9,7.0,.560,0.0,0.0,.000,3.9,6.9,.561,2.6,3.5,.730,1.8,4.6,6.4,1.6,0.8,0.8,1.2,2.0,10.3,2,64,9,193,4,130,2,65,6,151,4,144,13,332,4,69
SAS,Manu Ginobili,$7500000,20,SG,6-6,210,July 28 1977,11,,2013,35,60,0,23.2,3.8,9.0,.425,1.4,3.9,.353,2.4,5.1,.480,2.7,3.4,.796,0.5,2.9,3.4,4.6,1.3,0.2,2.2,1.9,11.8,5,197,2,41,2,40,9,266,4,114,5,153,2,61,3,64
SAS,Boris Diaw,$4702500,33,PF,6-8,215,April 16 1982,10,,2013,30,75,20,22.8,2.4,4.4,.539,0.4,1.0,.385,2.0,3.4,.587,0.6,0.9,.723,0.9,2.5,3.4,2.4,0.7,0.4,1.1,1.9,5.8,5,197,4,130,6,173,5,169,9,277,8,255,9,231,11,332
SAS,Matt Bonner,$3945000,15,PF,6-10,240,April 5 1980,9,University of Florida,2013,32,68,4,13.4,1.6,3.4,.487,0.8,1.8,.442,0.9,1.6,.536,0.2,0.2,.733,0.4,1.5,1.9,0.5,0.3,0.3,0.2,1.3,4.2,12,351,15,385,14,367,7,212,13,345,13,345,6,155,16,449
SAS,Danny Green,$3762500,4,SG,6-6,210,June 22 1987,4,University of North Carolina,2013,25,80,80,27.5,3.7,8.3,.448,2.2,5.2,.429,1.5,3.1,.480,0.8,1.0,.848,0.5,2.6,3.1,1.8,1.2,0.7,1.2,1.6,10.5,7,216,8,180,3,52,3,82,5,143,6,160,1,12,8,275
SAS,Marco Belinelli,$2750000,3,SF,6-5,192,March 25 1986,6,,,,,,,,,,,,,,,,,,,,,,,,,,,,
SAS,Kawhi Leonard,$1887840,2,SF,6-7,225,June 29 1991,2,San Diego State University,2013,21,58,57,31.2,4.5,9.1,.494,1.1,3.0,.374,3.4,6.1,.554,1.8,2.2,.825,1.1,4.9,6.0,1.6,1.7,0.6,1.1,1.7,11.9,3,71,9,193,1,12,4,111,3,111,3,116,4,97,5,124
SAS,Jeff Ayres,$1750000,11,PF,6-9,240,April 29 1987,3,Arizona State University,,,,,,,,,,,,,,,,,,,,,,,,,,,
SAS,Patrick Mills,$1133950,8,PG,6-0,185,August 11 1988,4,Saint Mary's College of California,2013,24,58,2,11.3,1.9,4.2,.469,0.9,2.2,.400,1.1,1.9,.550,0.3,0.3,.842,0.2,0.7,0.9,1.1,0.4,0.1,0.7,0.9,5.1,16,469,12,254,12,305,12,348,11,309,11,313,5,140,15,419
SAS,Cory Joseph,$1120920,5,SG,6-3,185,August 20 1991,2,University of Texas at Austin,2013,21,28,9,13.9,1.8,3.9,.464,0.2,0.8,.286,1.6,3.2,.506,0.6,0.8,.857,0.4,1.4,1.9,1.9,0.5,0.1,0.8,0.9,4.5,12,351,5,166,11,256,12,348,12,337,12,322,12,280,11,332
SAS,Austin Daye,$947907,,,,,,,,,,,,,,,,,,,,,,,,,,,,,,,,,,
SAS,Aron Baynes,$788872,16,C,6-10,260,December 9 1986,1,Washington State University,2013,26,16,0,8.8,1.1,2.3,.500,0.0,0.1,.000,1.1,2.2,.514,0.4,0.8,.583,0.8,1.3,2.0,0.3,0.1,0.4,0.7,1.4,2.7,11,338,16,447,16,468,5,169,16,422,15,408,13,332,14,393
SAS,Shannon Brown,$69792,1,G,6-4,205,November 29 1985,7,Michigan State University,,,,,,,,,,,,,,,,,,,,,,,,,,,
TOR,DeMar DeRozan,$9500000,10,SG,6-7,220,August 7 1989,4,University of Southern California,2013,23,82,82,36.7,6.7,15.0,.445,0.4,1.5,.283,6.3,13.5,.463,4.3,5.2,.831,0.6,3.3,3.9,2.5,0.9,0.3,1.8,2.1,18.1,7,162,5,121,4,103,9,212,2,21,2,24,11,231,1,13
TOR,John Salmons,$7583000,25,SG,6-7,210,December 12 1979,11,University of Miami,,,,,,,,,,,,,,,,,,,,,,,,,,,
TOR,Amir Johnson,$6500000,15,PF,6-9,210,May 1 1987,8,,2013,25,81,38,28.7,4.1,7.5,.554,0.1,0.2,.385,4.1,7.3,.558,1.7,2.3,.727,2.8,4.7,7.5,1.5,1.0,1.4,1.4,3.7,10.0,1,44,8,205,3,77,1,18,7,160,5,132,12,304,7,135
TOR,Landry Fields,$6250000,2,SF,6-7,210,June 27 1988,3,Stanford University,2013,24,51,22,20.3,2.0,4.4,.457,0.0,0.3,.143,2.0,4.1,.478,0.7,1.0,.642,1.2,2.9,4.1,1.2,0.6,0.2,0.8,1.2,4.7,6,145,9,241,7,207,11,266,14,331,12,298,13,332,13,298
TOR,Kyle Lowry,$6210000,7,PG,6-0,175,March 25 1986,7,Villanova University,2013,26,68,52,29.7,3.7,9.2,.401,1.5,4.1,.362,2.2,5.1,.433,2.8,3.5,.795,0.8,3.9,4.7,6.4,1.4,0.4,2.3,3.2,11.6,5,121,2,21,2,30,8,169,4,117,7,160,2,54,3,58
TOR,Chuck Hayes,$5722500,44,C,6-6,240,June 11 1983,8,University of Kentucky,,,,,,,,,,,,,,,,,,,,,,,,,,,
TOR,Steve Novak,$3750000,16,PF,6-10,220,June 13 1983,7,Marquette University,,,,,,,,,,,,,,,,,,,,,,,,,,,
TOR,Jonas Valanciunas,$3526440,17,C,6-11,231,May 6 1992,1,,2013,20,62,57,23.9,3.3,5.9,.557,0.0,0.0,.000,3.3,5.9,.557,2.4,3.0,.789,2.0,4.0,6.0,0.7,0.3,1.3,1.5,3.0,8.9,4,71,14,342,15,367,2,25,9,182,9,190,13,332,4,78
TOR,Tyler Hansbrough,$3183000,50,PF,6-9,250,November 3 1985,4,University of North Carolina,,,,,,,,,,,,,,,,,,,,,,,,,,,
TOR,Patrick Patterson,$3105302,54,PF,6-9,235,March 14 1989,3,University of Kentucky,,,,,,,,,,,,,,,,,,,,,,,,,,,
TOR,Terrence Ross,$2678640,31,SG,6-6,195,February 5 1991,1,University of Washington,2013,21,73,2,17.0,2.5,6.3,.407,0.9,2.7,.332,1.7,3.6,.464,0.4,0.6,.714,0.5,1.5,2.0,0.7,0.6,0.2,0.7,1.7,6.4,15,338,14,342,7,207,11,266,11,256,10,248,8,140,16,393
TOR,Greivis Vasquez,$2150188,21,SG,6-6,200,January 16 1987,3,University of Maryland,,,,,,,,,,,,,,,,,,,,,,,,,,,
TOR,Nando De Colo,$1463000,3,G,6-5,200,June 23 1987,1,,,,,,,,,,,,,,,,,,,,,,,,,,,,
TOR,Julyan Stone,$884293,77,SG,6-6,200,December 7 1988,2,University of Texas at El Paso,,,,,,,,,,,,,,,,,,,,,,,,,,,
TOR,Dwight Buycks,$700000,13,PG,6-3,190,March 6 1989,R,Marquette University,,,,,,,,,,,,,,,,,,,,,,,,,,,
UTA,Richard Jefferson,$11046000,24,SF,6-7,222,June 21 1980,12,University of Arizona,,,,,,,,,,,,,,,,,,,,,,,,,,,
UTA,Andris Biedrins,$9000000,11,C,6-11,240,April 2 1986,9,,,,,,,,,,,,,,,,,,,,,,,,,,,,
UTA,Marvin Williams,$7500000,2,PF,6-9,230,June 19 1986,8,University of North Carolina,2013,26,73,51,23.7,2.7,6.4,.423,0.7,2.3,.325,2.0,4.2,.477,1.1,1.4,.778,0.8,2.8,3.6,1.1,0.5,0.5,0.8,1.3,7.2,5,190,9,254,10,256,4,131,7,228,8,230,4,172,9,218
UTA,Derrick Favors,$6008196,15,PF,6-10,246,July 15 1991,3,Georgia Institute of Technology,2013,21,77,8,23.2,3.6,7.4,.482,0.0,0.1,.000,3.6,7.3,.487,2.3,3.4,.688,2.4,4.7,7.1,1.0,0.9,1.7,1.7,3.2,9.4,2,51,10,270,5,103,1,12,6,171,5,170,11,332,3,81
UTA,Enes Kanter,$4505280,0,C,6-11,262,May 20 1992,2,,2013,20,70,2,15.4,2.9,5.4,.544,0.0,0.0,1.000,2.9,5.4,.542,1.3,1.7,.795,1.9,2.4,4.3,0.4,0.4,0.5,1.4,1.7,7.2,4,139,12,416,12,305,4,131,7,228,7,217,11,332,8,190
UTA,Brandon Rush,$4000000,25,SG,6-6,210,July 7 1985,5,University of Kansas,,,,,,,,,,,,,,,,,,,,,,,,,,,
UTA,Gordon Hayward,$3452183,20,SF,6-8,207,March 23 1990,3,Butler University,2013,22,72,27,29.2,4.7,10.7,.435,1.4,3.4,.415,3.3,7.3,.444,3.4,4.1,.827,0.7,2.4,3.1,3.0,0.8,0.5,1.7,1.7,14.1,6,216,4,89,7,130,4,131,3,72,4,103,2,61,1,32
UTA,Trey Burke,$2438760,3,PG,6-0,190,November 12 1992,R,University of Michigan,,,,,,,,,,,,,,,,,,,,,,,,,,,
UTA,Alec Burks,$2202000,10,SG,6-6,195,July 20 1991,2,University of Colorado,2013,21,64,0,17.8,2.5,6.1,.420,0.5,1.4,.359,2.0,4.6,.439,1.4,2.0,.713,0.6,1.7,2.3,1.4,0.5,0.2,1.2,1.8,7.0,9,303,8,219,10,256,10,266,9,235,9,248,6,206,6,169
UTA,Jeremy Evans,$1660257,40,SF,6-9,196,October 24 1987,3,Western Kentucky University,2013,25,37,0,5.8,0.7,1.2,.614,0.0,0.0,.000,0.7,1.2,.628,0.6,0.9,.636,0.7,0.9,1.6,0.3,0.2,0.4,0.2,0.8,2.0,12,390,13,447,13,431,7,169,12,456,13,463,11,332,11,332
UTA,John Lucas,$1600000,5,PG,5-11,165,November 21 1982,5,Oklahoma State University,,,,,,,,,,,,,,,,,,,,,,,,,,,
UTA,Rudy Gobert,$1078800,27,C,7-1,220,June 26 1992,R,,,,,,,,,,,,,,,,,,,,,,,,,,,,
UTA,Diante Garrett,$788872,8,PG,6-4,190,November 3 1988,1,Iowa State University,,,,,,,,,,,,,,,,,,,,,,,,,,,
UTA,Malcolm Thomas,$702233,22,F,6-9,225,November 8 1988,2,San Diego State University,,,,,,,,,,,,,,,,,,,,,,,,,,,
UTA,Ian Clark,$490180,21,SG,6-3,175,March 7 1991,R,Belmont University,,,,,,,,,,,,,,,,,,,,,,,,,,,
WAS,Nene Hilario,$13000000,42,PF,6-11,260,September 13 1982,11,,2013,30,61,49,27.2,4.7,9.7,.480,0.0,0.0,.000,4.7,9.7,.481,3.2,4.4,.729,1.7,5.0,6.7,2.9,0.9,0.6,2.3,2.8,12.6,2,59,5,96,4,103,5,111,4,103,4,103,12,332,2,40
WAS,Marcin Gortat,$7727280,4,C,6-11,240,February 17 1984,6,,,,,,,,,,,,,,,,,,,,,,,,,,,,
WAS,Trevor Ariza,$7727280,1,SF,6-8,200,June 30 1985,9,University of California Los Angeles,2013,27,56,15,26.3,3.4,8.1,.417,1.4,3.7,.364,2.0,4.3,.463,1.4,1.7,.821,0.8,4.0,4.8,2.0,1.3,0.4,1.5,1.3,9.5,4,115,9,156,1,40,8,169,7,169,8,184,3,61,6,169
WAS,John Wall,$7459925,2,PG,6-4,195,September 6 1990,3,University of Kentucky,2013,22,49,42,32.7,6.6,15.0,.441,0.2,0.9,.267,6.4,14.1,.452,5.0,6.2,.804,0.7,3.3,4.0,7.6,1.3,0.8,3.2,2.4,18.5,6,153,1,6,1,40,2,65,1,18,1,29,10,280,1,8
WAS,Martell Webster,$5150000,9,SF,6-7,210,December 4 1986,8,,2013,26,76,62,28.9,3.7,8.4,.442,1.8,4.3,.422,1.9,4.0,.463,2.2,2.6,.848,0.7,3.2,3.9,1.9,0.6,0.2,1.2,2.2,11.4,7,162,11,166,9,207,13,266,5,123,7,160,1,30,3,90
WAS,Bradley Beal,$4319280,3,SG,6-3,207,June 28 1993,1,University of Florida,2013,19,56,46,31.2,5.0,12.3,.410,1.6,4.2,.386,3.4,8.1,.424,2.2,2.8,.786,0.8,3.0,3.8,2.4,0.9,0.5,1.6,2.0,13.9,9,173,6,130,4,103,6,131,2,77,2,84,2,46,3,90
WAS,Otto Porter,$4278000,22,SF,6-9,198,June 3 1993,R,Georgetown University,,,,,,,,,,,,,,,,,,,,,,,,,,,
WAS,Jan Vesely,$3340920,24,PF,6-11,240,April 24 1990,2,,2013,22,51,4,11.8,1.1,2.2,.500,0.0,0.0,.000,1.1,2.2,.504,0.2,0.8,.308,0.8,1.5,2.4,0.5,0.3,0.3,0.5,2.1,2.5,12,285,16,385,16,367,10,212,17,431,17,408,12,332,17,449
WAS,Kevin Seraphin,$2761114,13,C,6-9,264,December 7 1989,3,,2013,23,79,8,21.8,4.2,9.1,.461,0.0,0.0,.000,4.2,9.1,.461,0.8,1.1,.693,1.4,3.0,4.4,0.7,0.3,0.7,1.6,2.7,9.1,5,132,14,342,16,367,3,82,8,178,5,127,12,332,10,275
WAS,Trevor Booker,$2350820,35,PF,6-7,240,November 25 1987,3,Clemson University,2013,25,48,14,18.5,2.3,4.6,.491,0.0,0.1,.000,2.3,4.5,.502,0.8,1.5,.556,2.0,2.9,5.0,0.8,0.7,0.3,0.6,2.0,5.3,3,108,13,320,7,173,10,212,11,294,10,264,12,332,10,275
WAS,Eric Maynor,$2016000,6,PG,6-3,175,June 11 1987,4,Virginia Commonwealth University,,,,,,,,,,,,,,,,,,,,,,,,,,,
WAS,Chris Singleton,$1618680,31,SF,6-8,230,November 21 1989,2,Florida State University,2013,23,57,11,16.2,1.6,4.2,.382,0.1,0.6,.194,1.5,3.6,.415,0.7,1.2,.571,0.9,2.3,3.2,0.6,0.7,0.4,0.8,2.2,4.1,10,212,15,366,7,173,8,169,14,350,14,345,11,304,12,298
WAS,Garrett Temple,$916099,17,SG,6-6,190,May 8 1986,3,Louisiana State University,2013,26,51,36,22.7,2.1,5.1,.407,0.5,1.6,.325,1.5,3.5,.444,0.5,0.7,.703,0.6,1.8,2.4,2.3,1.0,0.3,1.2,1.8,5.1,12,285,7,135,3,77,10,212,13,309,13,288,8,206,13,361
WAS,Al Harrington,$1399507,7,PF,6-9,230,February 17 1980,15,,,,,,,,,,,,,,,,,,,,,,,,,,,,
WAS,Glen Rice,$490180,14,SG,6-6,206,January 1 1991,R,Georgia Institute of Technology,,,,,,,,,,,,,,,,,,,,,,,,,,,
